  2.000000000000000E-003  2.000000000000000E-003 -0.246670193137832     
  2.000000000000000E-003  0.307153750000000      -0.238709247611031     
  2.000000000000000E-003  0.612307500000000      -0.228392921219024     
  2.000000000000000E-003  0.917461250000000      -0.224657697773451     
  2.000000000000000E-003   1.22261500000000      -0.220535151782445     
  2.000000000000000E-003   1.52776875000000      -0.214943610128962     
  2.000000000000000E-003   1.83292250000000      -0.208376835190261     
  2.000000000000000E-003   2.13807625000000      -0.201656995056379     
  2.000000000000000E-003   2.44323000000000      -0.195049123711435     
  2.000000000000000E-003   2.74838375000000      -0.188765120760422     
  2.000000000000000E-003   3.05353750000000      -0.183488341119201     
  2.000000000000000E-003   3.35869125000000      -0.180473450961873     
  2.000000000000000E-003   3.66384500000000      -0.177889202109771     
  2.000000000000000E-003   3.96899875000000      -0.170980042068760     
  2.000000000000000E-003   4.27415250000000      -0.163325402063859     
  2.000000000000000E-003   4.57930625000000      -0.153812392458198     
  2.000000000000000E-003   4.88446000000000      -0.145204343773012     
  2.000000000000000E-003   5.18961375000000      -0.138601483184974     
  2.000000000000000E-003   5.49476750000000      -0.133739081414579     
  2.000000000000000E-003   5.79992125000000      -0.130781881476451     
  2.000000000000000E-003   6.10507500000000      -0.129342883979721     
  2.000000000000000E-003   6.41022875000000      -0.128907740520441     
  2.000000000000000E-003   6.71538250000000      -0.128602442889563     
  2.000000000000000E-003   7.02053625000000      -0.126739405124690     
  2.000000000000000E-003   7.32569000000000      -0.122790084186658     
  0.307153750000000       2.000000000000000E-003 -0.268911637119376     
  0.307153750000000       0.307153750000000      -0.263517749708786     
  0.307153750000000       0.612307500000000      -0.251665565425819     
  0.307153750000000       0.917461250000000      -0.245037695153470     
  0.307153750000000        1.22261500000000      -0.238648578038520     
  0.307153750000000        1.52776875000000      -0.231259911571456     
  0.307153750000000        1.83292250000000      -0.223210862945029     
  0.307153750000000        2.13807625000000      -0.215179063721898     
  0.307153750000000        2.44323000000000      -0.207386163803162     
  0.307153750000000        2.74838375000000      -0.199934790472874     
  0.307153750000000        3.05353750000000      -0.193200140414646     
  0.307153750000000        3.35869125000000      -0.187812050553351     
  0.307153750000000        3.66384500000000      -0.182042887671809     
  0.307153750000000        3.96899875000000      -0.174137083745827     
  0.307153750000000        4.27415250000000      -0.165809606704792     
  0.307153750000000        4.57930625000000      -0.156801843711450     
  0.307153750000000        4.88446000000000      -0.148626239014079     
  0.307153750000000        5.18961375000000      -0.142082649831613     
  0.307153750000000        5.49476750000000      -0.137024434205001     
  0.307153750000000        5.79992125000000      -0.133714042320303     
  0.307153750000000        6.10507500000000      -0.131734643451889     
  0.307153750000000        6.41022875000000      -0.130423650717031     
  0.307153750000000        6.71538250000000      -0.128755718286642     
  0.307153750000000        7.02053625000000      -0.126520359237737     
  0.307153750000000        7.32569000000000      -0.124565247720397     
  0.612307500000000       2.000000000000000E-003 -0.291228303600948     
  0.612307500000000       0.307153750000000      -0.288054961136503     
  0.612307500000000       0.612307500000000      -0.279100426292242     
  0.612307500000000       0.917461250000000      -0.269192673482987     
  0.612307500000000        1.22261500000000      -0.259505332955828     
  0.612307500000000        1.52776875000000      -0.249733103794619     
  0.612307500000000        1.83292250000000      -0.239845939488871     
  0.612307500000000        2.13807625000000      -0.230163749822119     
  0.612307500000000        2.44323000000000      -0.220831052563451     
  0.612307500000000        2.74838375000000      -0.211929718885520     
  0.612307500000000        3.05353750000000      -0.203396555839031     
  0.612307500000000        3.35869125000000      -0.195193129289539     
  0.612307500000000        3.66384500000000      -0.186736554054403     
  0.612307500000000        3.96899875000000      -0.177773183809844     
  0.612307500000000        4.27415250000000      -0.168749706567195     
  0.612307500000000        4.57930625000000      -0.160013549762182     
  0.612307500000000        4.88446000000000      -0.152300655613262     
  0.612307500000000        5.18961375000000      -0.145803500112302     
  0.612307500000000        5.49476750000000      -0.140569794005237     
  0.612307500000000        5.79992125000000      -0.136764197090421     
  0.612307500000000        6.10507500000000      -0.134080025338219     
  0.612307500000000        6.41022875000000      -0.131906824274594     
  0.612307500000000        6.71538250000000      -0.129616706759163     
  0.612307500000000        7.02053625000000      -0.127185248964167     
  0.612307500000000        7.32569000000000      -0.124300072057918     
  0.917461250000000       2.000000000000000E-003 -0.312643090395105     
  0.917461250000000       0.307153750000000      -0.310472860306952     
  0.917461250000000       0.612307500000000      -0.303656185716957     
  0.917461250000000       0.917461250000000      -0.293486020750258     
  0.917461250000000        1.22261500000000      -0.281922255945659     
  0.917461250000000        1.52776875000000      -0.269927138722222     
  0.917461250000000        1.83292250000000      -0.257887951556535     
  0.917461250000000        2.13807625000000      -0.246190012173651     
  0.917461250000000        2.44323000000000      -0.234931410527197     
  0.917461250000000        2.74838375000000      -0.224113194712709     
  0.917461250000000        3.05353750000000      -0.213634243081559     
  0.917461250000000        3.35869125000000      -0.203251250444516     
  0.917461250000000        3.66384500000000      -0.192870036518740     
  0.917461250000000        3.96899875000000      -0.182659785129440     
  0.917461250000000        4.27415250000000      -0.172991862544242     
  0.917461250000000        4.57930625000000      -0.164232799166029     
  0.917461250000000        4.88446000000000      -0.156486612469252     
  0.917461250000000        5.18961375000000      -0.149815595044139     
  0.917461250000000        5.49476750000000      -0.144298048867166     
  0.917461250000000        5.79992125000000      -0.139894177181079     
  0.917461250000000        6.10507500000000      -0.136420223215467     
  0.917461250000000        6.41022875000000      -0.133424768878500     
  0.917461250000000        6.71538250000000      -0.130519852392962     
  0.917461250000000        7.02053625000000      -0.127442566909338     
  0.917461250000000        7.32569000000000      -0.123869950348192     
   1.22261500000000       2.000000000000000E-003 -0.343252022780821     
   1.22261500000000       0.307153750000000      -0.340755004122161     
   1.22261500000000       0.612307500000000      -0.333324843247060     
   1.22261500000000       0.917461250000000      -0.321675582520955     
   1.22261500000000        1.22261500000000      -0.307530463901286     
   1.22261500000000        1.52776875000000      -0.292429499359154     
   1.22261500000000        1.83292250000000      -0.277346805687752     
   1.22261500000000        2.13807625000000      -0.262953729520445     
   1.22261500000000        2.44323000000000      -0.249304875990389     
   1.22261500000000        2.74838375000000      -0.236234882559394     
   1.22261500000000        3.05353750000000      -0.223625233221919     
   1.22261500000000        3.35869125000000      -0.211411413115981     
   1.22261500000000        3.66384500000000      -0.199598012502131     
   1.22261500000000        3.96899875000000      -0.188437891424327     
   1.22261500000000        4.27415250000000      -0.178248585672294     
   1.22261500000000        4.57930625000000      -0.169115713044300     
   1.22261500000000        4.88446000000000      -0.161034173442077     
   1.22261500000000        5.18961375000000      -0.154024106312347     
   1.22261500000000        5.49476750000000      -0.148051339004382     
   1.22261500000000        5.79992125000000      -0.142988307864871     
   1.22261500000000        6.10507500000000      -0.138664419032862     
   1.22261500000000        6.41022875000000      -0.134785489922937     
   1.22261500000000        6.71538250000000      -0.131083811268600     
   1.22261500000000        7.02053625000000      -0.127351135989788     
   1.22261500000000        7.32569000000000      -0.123451710939673     
   1.52776875000000       2.000000000000000E-003 -0.393161315116155     
   1.52776875000000       0.307153750000000      -0.389092665603346     
   1.52776875000000       0.612307500000000      -0.377533922511225     
   1.52776875000000       0.917461250000000      -0.360383796845564     
   1.52776875000000        1.22261500000000      -0.340142770457795     
   1.52776875000000        1.52776875000000      -0.319064160903692     
   1.52776875000000        1.83292250000000      -0.298844253208809     
   1.52776875000000        2.13807625000000      -0.280414380723861     
   1.52776875000000        2.44323000000000      -0.263636247764317     
   1.52776875000000        2.74838375000000      -0.248049312825949     
   1.52776875000000        3.05353750000000      -0.233319598797302     
   1.52776875000000        3.35869125000000      -0.219371191409870     
   1.52776875000000        3.66384500000000      -0.206322423737250     
   1.52776875000000        3.96899875000000      -0.194365222852189     
   1.52776875000000        4.27415250000000      -0.183625984190446     
   1.52776875000000        4.57930625000000      -0.174090264100648     
   1.52776875000000        4.88446000000000      -0.165660638557885     
   1.52776875000000        5.18961375000000      -0.158232133639561     
   1.52776875000000        5.49476750000000      -0.151701006359193     
   1.52776875000000        5.79992125000000      -0.145940673379165     
   1.52776875000000        6.10507500000000      -0.140789041535875     
   1.52776875000000        6.41022875000000      -0.136070277100983     
   1.52776875000000        6.71538250000000      -0.131632589237958     
   1.52776875000000        7.02053625000000      -0.127373494545649     
   1.52776875000000        7.32569000000000      -0.123255611823645     
   1.83292250000000       2.000000000000000E-003 -0.474192933471513     
   1.83292250000000       0.307153750000000      -0.466590048891981     
   1.83292250000000       0.612307500000000      -0.446026731428668     
   1.83292250000000       0.917461250000000      -0.416889662737691     
   1.83292250000000        1.22261500000000      -0.383975805217412     
   1.83292250000000        1.52776875000000      -0.351847359544554     
   1.83292250000000        1.83292250000000      -0.323222807985645     
   1.83292250000000        2.13807625000000      -0.298729439111289     
   1.83292250000000        2.44323000000000      -0.277722372933741     
   1.83292250000000        2.74838375000000      -0.259184285321686     
   1.83292250000000        3.05353750000000      -0.242332281287109     
   1.83292250000000        3.35869125000000      -0.226827551242428     
   1.83292250000000        3.66384500000000      -0.212669878393526     
   1.83292250000000        3.96899875000000      -0.199963793670978     
   1.83292250000000        4.27415250000000      -0.188727146291535     
   1.83292250000000        4.57930625000000      -0.178829896579525     
   1.83292250000000        4.88446000000000      -0.170055586826195     
   1.83292250000000        5.18961375000000      -0.162197095492326     
   1.83292250000000        5.49476750000000      -0.155105597971529     
   1.83292250000000        5.79992125000000      -0.148678061753275     
   1.83292250000000        6.10507500000000      -0.142821209295488     
   1.83292250000000        6.41022875000000      -0.137432346219818     
   1.83292250000000        6.71538250000000      -0.132425492263580     
   1.83292250000000        7.02053625000000      -0.127775351443070     
   1.83292250000000        7.32569000000000      -0.123475604614841     
   2.13807625000000       2.000000000000000E-003 -0.602856911698065     
   2.13807625000000       0.307153750000000      -0.587963651733309     
   2.13807625000000       0.612307500000000      -0.548563836984885     
   2.13807625000000       0.917461250000000      -0.496038955628555     
   2.13807625000000        1.22261500000000      -0.441530101141255     
   2.13807625000000        1.52776875000000      -0.392225679017063     
   2.13807625000000        1.83292250000000      -0.351071108400165     
   2.13807625000000        2.13807625000000      -0.318005114747120     
   2.13807625000000        2.44323000000000      -0.291422695873696     
   2.13807625000000        2.74838375000000      -0.269372215687611     
   2.13807625000000        3.05353750000000      -0.250313331749253     
   2.13807625000000        3.35869125000000      -0.233387768415248     
   2.13807625000000        3.66384500000000      -0.218287816491124     
   2.13807625000000        3.96899875000000      -0.204946045043991     
   2.13807625000000        4.27415250000000      -0.193270417671707     
   2.13807625000000        4.57930625000000      -0.183037737182347     
   2.13807625000000        4.88446000000000      -0.173938992092583     
   2.13807625000000        5.18961375000000      -0.165690502492508     
   2.13807625000000        5.49476750000000      -0.158113646348282     
   2.13807625000000        5.79992125000000      -0.151135818694097     
   2.13807625000000        6.10507500000000      -0.144737259455461     
   2.13807625000000        6.41022875000000      -0.138899507117164     
   2.13807625000000        6.71538250000000      -0.133586782002739     
   2.13807625000000        7.02053625000000      -0.128749977948246     
   2.13807625000000        7.32569000000000      -0.124331695859094     
   2.44323000000000       2.000000000000000E-003 -0.802074619974278     
   2.44323000000000       0.307153750000000      -0.772263748473128     
   2.44323000000000       0.612307500000000      -0.696224925740264     
   2.44323000000000       0.917461250000000      -0.603152321266710     
   2.44323000000000        1.22261500000000      -0.514633578202247     
   2.44323000000000        1.52776875000000      -0.440325222506798     
   2.44323000000000        1.83292250000000      -0.382071211289759     
   2.44323000000000        2.13807625000000      -0.337911304832565     
   2.44323000000000        2.44323000000000      -0.304485115462951     
   2.44323000000000        2.74838375000000      -0.278414942363327     
   2.44323000000000        3.05353750000000      -0.257074077358108     
   2.44323000000000        3.35869125000000      -0.238847261463038     
   2.44323000000000        3.66384500000000      -0.222960096689365     
   2.44323000000000        3.96899875000000      -0.209094896079982     
   2.44323000000000        4.27415250000000      -0.197039020613998     
   2.44323000000000        4.57930625000000      -0.186501661422149     
   2.44323000000000        4.88446000000000      -0.177116757758775     
   2.44323000000000        5.18961375000000      -0.168551670841514     
   2.44323000000000        5.49476750000000      -0.160608628795130     
   2.44323000000000        5.79992125000000      -0.153240047222447     
   2.44323000000000        6.10507500000000      -0.146486595104362     
   2.44323000000000        6.41022875000000      -0.140399283133515     
   2.44323000000000        6.71538250000000      -0.134989292437141     
   2.44323000000000        7.02053625000000      -0.130188433409060     
   2.44323000000000        7.32569000000000      -0.125802029925444     
   2.74838375000000       2.000000000000000E-003  -1.08338072642202     
   2.74838375000000       0.307153750000000       -1.03248460524755     
   2.74838375000000       0.612307500000000      -0.902231942989010     
   2.74838375000000       0.917461250000000      -0.742555714796355     
   2.74838375000000        1.22261500000000      -0.601491905529485     
   2.74838375000000        1.52776875000000      -0.493499716419950     
   2.74838375000000        1.83292250000000      -0.414260727626291     
   2.74838375000000        2.13807625000000      -0.357306842094243     
   2.74838375000000        2.44323000000000      -0.316351839147250     
   2.74838375000000        2.74838375000000      -0.286076364645791     
   2.74838375000000        3.05353750000000      -0.262510526534139     
   2.74838375000000        3.35869125000000      -0.243125701889518     
   2.74838375000000        3.66384500000000      -0.226589691800764     
   2.74838375000000        3.96899875000000      -0.212299651475867     
   2.74838375000000        4.27415250000000      -0.199923785822139     
   2.74838375000000        4.57930625000000      -0.189124931036465     
   2.74838375000000        4.88446000000000      -0.179507536926175     
   2.74838375000000        5.18961375000000      -0.170712888828255     
   2.74838375000000        5.49476750000000      -0.162531644481054     
   2.74838375000000        5.79992125000000      -0.154931668275466     
   2.74838375000000        6.10507500000000      -0.147995220033563     
   2.74838375000000        6.41022875000000      -0.141832777007067     
   2.74838375000000        6.71538250000000      -0.136552936432806     
   2.74838375000000        7.02053625000000      -0.132080657395979     
   2.74838375000000        7.32569000000000      -0.127958760730527     
   3.05353750000000       2.000000000000000E-003  -1.39706614780600     
   3.05353750000000       0.307153750000000       -1.32384403743451     
   3.05353750000000       0.612307500000000       -1.13269027593776     
   3.05353750000000       0.917461250000000      -0.899183031128078     
   3.05353750000000        1.22261500000000      -0.692436182638656     
   3.05353750000000        1.52776875000000      -0.544898367664848     
   3.05353750000000        1.83292250000000      -0.443633779333309     
   3.05353750000000        2.13807625000000      -0.374126163552445     
   3.05353750000000        2.44323000000000      -0.326096945949055     
   3.05353750000000        2.74838375000000      -0.292012893033785     
   3.05353750000000        3.05353750000000      -0.266520495004980     
   3.05353750000000        3.35869125000000      -0.246188513464322     
   3.05353750000000        3.66384500000000      -0.229148909617907     
   3.05353750000000        3.96899875000000      -0.214536482674512     
   3.05353750000000        4.27415250000000      -0.201915123498910     
   3.05353750000000        4.57930625000000      -0.190914863840376     
   3.05353750000000        4.88446000000000      -0.181128621759013     
   3.05353750000000        5.18961375000000      -0.172187420158538     
   3.05353750000000        5.49476750000000      -0.163875680753449     
   3.05353750000000        5.79992125000000      -0.156166514488315     
   3.05353750000000        6.10507500000000      -0.149160414084098     
   3.05353750000000        6.41022875000000      -0.143020814084523     
   3.05353750000000        6.71538250000000      -0.137970988881411     
   3.05353750000000        7.02053625000000      -0.133972349921352     
   3.05353750000000        7.32569000000000      -0.130320866141987     
   3.35869125000000       2.000000000000000E-003  -1.62947228361643     
   3.35869125000000       0.307153750000000       -1.54647132564181     
   3.35869125000000       0.612307500000000       -1.31871375749542     
   3.35869125000000       0.917461250000000       -1.02555087243324     
   3.35869125000000        1.22261500000000      -0.766172949519729     
   3.35869125000000        1.52776875000000      -0.583560025673002     
   3.35869125000000        1.83292250000000      -0.464707659406678     
   3.35869125000000        2.13807625000000      -0.385760493958803     
   3.35869125000000        2.44323000000000      -0.332596022723155     
   3.35869125000000        2.74838375000000      -0.295814265652952     
   3.35869125000000        3.05353750000000      -0.268988616811414     
   3.35869125000000        3.35869125000000      -0.248017668620690     
   3.35869125000000        3.66384500000000      -0.230648843764749     
   3.35869125000000        3.96899875000000      -0.215836647140968     
   3.35869125000000        4.27415250000000      -0.203064892417328     
   3.35869125000000        4.57930625000000      -0.191938957616730     
   3.35869125000000        4.88446000000000      -0.182051336122747     
   3.35869125000000        5.18961375000000      -0.173032397209619     
   3.35869125000000        5.49476750000000      -0.164663201191200     
   3.35869125000000        5.79992125000000      -0.156914958848050     
   3.35869125000000        6.10507500000000      -0.149882067327403     
   3.35869125000000        6.41022875000000      -0.143753356557509     
   3.35869125000000        6.71538250000000      -0.138773550556673     
   3.35869125000000        7.02053625000000      -0.135084470811064     
   3.35869125000000        7.32569000000000      -0.131821910845389     
   3.66384500000000       2.000000000000000E-003  -1.79807493571101     
   3.66384500000000       0.307153750000000       -1.62494584283370     
   3.66384500000000       0.612307500000000       -1.38849934281386     
   3.66384500000000       0.917461250000000       -1.07429491439372     
   3.66384500000000        1.22261500000000      -0.794791607951952     
   3.66384500000000        1.52776875000000      -0.598131264408794     
   3.66384500000000        1.83292250000000      -0.472435228318059     
   3.66384500000000        2.13807625000000      -0.389945392099116     
   3.66384500000000        2.44323000000000      -0.334892334013835     
   3.66384500000000        2.74838375000000      -0.297130328026170     
   3.66384500000000        3.05353750000000      -0.269824066833874     
   3.66384500000000        3.35869125000000      -0.248623385720159     
   3.66384500000000        3.66384500000000      -0.231137459990359     
   3.66384500000000        3.96899875000000      -0.216259478019757     
   3.66384500000000        4.27415250000000      -0.203439100130611     
   3.66384500000000        4.57930625000000      -0.192270903569166     
   3.66384500000000        4.88446000000000      -0.182349417289052     
   3.66384500000000        5.18961375000000      -0.173306427593610     
   3.66384500000000        5.49476750000000      -0.164921732471916     
   3.66384500000000        5.79992125000000      -0.157164464679733     
   3.66384500000000        6.10507500000000      -0.150122135511928     
   3.66384500000000        6.41022875000000      -0.143977208868741     
   3.66384500000000        6.71538250000000      -0.138955671329830     
   3.66384500000000        7.02053625000000      -0.135372817911097     
   3.66384500000000        7.32569000000000      -0.132756764439812     
   3.96899875000000       2.000000000000000E-003  -1.62947680876956     
   3.96899875000000       0.307153750000000       -1.54661172931155     
   3.96899875000000       0.612307500000000       -1.31884694170632     
   3.96899875000000       0.917461250000000       -1.02563825103007     
   3.96899875000000        1.22261500000000      -0.766222696907689     
   3.96899875000000        1.52776875000000      -0.583588540663287     
   3.96899875000000        1.83292250000000      -0.464725347849723     
   3.96899875000000        2.13807625000000      -0.385771614420571     
   3.96899875000000        2.44323000000000      -0.332603192062423     
   3.96899875000000        2.74838375000000      -0.295819448426944     
   3.96899875000000        3.05353750000000      -0.268993120854762     
   3.96899875000000        3.35869125000000      -0.248022158391550     
   3.96899875000000        3.66384500000000      -0.230653508882408     
   3.96899875000000        3.96899875000000      -0.215841306419234     
   3.96899875000000        4.27415250000000      -0.203069253821772     
   3.96899875000000        4.57930625000000      -0.191942737030524     
   3.96899875000000        4.88446000000000      -0.182054212268857     
   3.96899875000000        5.18961375000000      -0.173034123687986     
   3.96899875000000        5.49476750000000      -0.164663570967773     
   3.96899875000000        5.79992125000000      -0.156913724877301     
   3.96899875000000        6.10507500000000      -0.149878461178326     
   3.96899875000000        6.41022875000000      -0.143746035422579     
   3.96899875000000        6.71538250000000      -0.138762054163696     
   3.96899875000000        7.02053625000000      -0.135072588611201     
   3.96899875000000        7.32569000000000      -0.131823259628123     
   4.27415250000000       2.000000000000000E-003  -1.39707343087972     
   4.27415250000000       0.307153750000000       -1.32397973528718     
   4.27415250000000       0.612307500000000       -1.13284769727076     
   4.27415250000000       0.917461250000000      -0.899301012001019     
   4.27415250000000        1.22261500000000      -0.692508967042488     
   4.27415250000000        1.52776875000000      -0.544944100606920     
   4.27415250000000        1.83292250000000      -0.443663138395960     
   4.27415250000000        2.13807625000000      -0.374144790758522     
   4.27415250000000        2.44323000000000      -0.326109143437096     
   4.27415250000000        2.74838375000000      -0.292022002126584     
   4.27415250000000        3.05353750000000      -0.266528812927482     
   4.27415250000000        3.35869125000000      -0.246197209237851     
   4.27415250000000        3.66384500000000      -0.229158124420920     
   4.27415250000000        3.96899875000000      -0.214545832613270     
   4.27415250000000        4.27415250000000      -0.201923991583444     
   4.27415250000000        4.57930625000000      -0.190922596872038     
   4.27415250000000        4.88446000000000      -0.181134626700600     
   4.27415250000000        5.18961375000000      -0.172191258690205     
   4.27415250000000        5.49476750000000      -0.163876988324205     
   4.27415250000000        5.79992125000000      -0.156165026286454     
   4.27415250000000        6.10507500000000      -0.149155492936114     
   4.27415250000000        6.41022875000000      -0.143011129779220     
   4.27415250000000        6.71538250000000      -0.137957549560215     
   4.27415250000000        7.02053625000000      -0.133961414192045     
   4.27415250000000        7.32569000000000      -0.130323076802351     
   4.57930625000000       2.000000000000000E-003  -1.08338743638880     
   4.57930625000000       0.307153750000000       -1.03257569173862     
   4.57930625000000       0.612307500000000      -0.902350677691767     
   4.57930625000000       0.917461250000000      -0.742654699059794     
   4.57930625000000        1.22261500000000      -0.601562465426861     
   4.57930625000000        1.52776875000000      -0.493548333302707     
   4.57930625000000        1.83292250000000      -0.414292863919938     
   4.57930625000000        2.13807625000000      -0.357327401824018     
   4.57930625000000        2.44323000000000      -0.316365500216896     
   4.57930625000000        2.74838375000000      -0.286087254751553     
   4.57930625000000        3.05353750000000      -0.262521367526371     
   4.57930625000000        3.35869125000000      -0.243137794620213     
   4.57930625000000        3.66384500000000      -0.226603057506447     
   4.57930625000000        3.96899875000000      -0.212313549975414     
   4.57930625000000        4.27415250000000      -0.199937215685647     
   4.57930625000000        4.57930625000000      -0.189136832451373     
   4.57930625000000        4.88446000000000      -0.179517076621178     
   4.57930625000000        5.18961375000000      -0.170719395364386     
   4.57930625000000        5.49476750000000      -0.162534738800344     
   4.57930625000000        5.79992125000000      -0.154931158003770     
   4.57930625000000        6.10507500000000      -0.147991074612873     
   4.57930625000000        6.41022875000000      -0.141824930859243     
   4.57930625000000        6.71538250000000      -0.136542807186378     
   4.57930625000000        7.02053625000000      -0.132073551805059     
   4.57930625000000        7.32569000000000      -0.127960766332083     
   4.88446000000000       2.000000000000000E-003 -0.802079232398298     
   4.88446000000000       0.307153750000000      -0.772314977826847     
   4.88446000000000       0.612307500000000      -0.696296415398021     
   4.88446000000000       0.917461250000000      -0.603221012826335     
   4.88446000000000        1.22261500000000      -0.514689428954446     
   4.88446000000000        1.52776875000000      -0.440365849158323     
   4.88446000000000        1.83292250000000      -0.382098139515055     
   4.88446000000000        2.13807625000000      -0.337928153147294     
   4.88446000000000        2.44323000000000      -0.304496418598497     
   4.88446000000000        2.74838375000000      -0.278424911143854     
   4.88446000000000        3.05353750000000      -0.257085553998461     
   4.88446000000000        3.35869125000000      -0.238861434077741     
   4.88446000000000        3.66384500000000      -0.222976694491029     
   4.88446000000000        3.96899875000000      -0.209112780571114     
   4.88446000000000        4.27415250000000      -0.197056697868756     
   4.88446000000000        4.57930625000000      -0.186517683449135     
   4.88446000000000        4.88446000000000      -0.177129947335532     
   4.88446000000000        5.18961375000000      -0.168561241093476     
   4.88446000000000        5.49476750000000      -0.160614097594233     
   4.88446000000000        5.79992125000000      -0.153241352265484     
   4.88446000000000        6.10507500000000      -0.146484056623686     
   4.88446000000000        6.41022875000000      -0.140393837968212     
   4.88446000000000        6.71538250000000      -0.134982868243664     
   4.88446000000000        7.02053625000000      -0.130184424468693     
   4.88446000000000        7.32569000000000      -0.125804179582645     
   5.18961375000000       2.000000000000000E-003 -0.602859515682050     
   5.18961375000000       0.307153750000000      -0.587990758705023     
   5.18961375000000       0.612307500000000      -0.548605340295211     
   5.18961375000000       0.917461250000000      -0.496082795482038     
   5.18961375000000        1.22261500000000      -0.441567538720744     
   5.18961375000000        1.52776875000000      -0.392252732500723     
   5.18961375000000        1.83292250000000      -0.351087788231048     
   5.18961375000000        2.13807625000000      -0.318014265147939     
   5.18961375000000        2.44323000000000      -0.291428495771208     
   5.18961375000000        2.74838375000000      -0.269378694499270     
   5.18961375000000        3.05353750000000      -0.250323243234085     
   5.18961375000000        3.35869125000000      -0.233402194217639     
   5.18961375000000        3.66384500000000      -0.218306272194289     
   5.18961375000000        3.96899875000000      -0.204966921022881     
   5.18961375000000        4.27415250000000      -0.193291659799311     
   5.18961375000000        4.57930625000000      -0.183057425427576     
   5.18961375000000        4.88446000000000      -0.173955627797157     
   5.18961375000000        5.18961375000000      -0.165703090874452     
   5.18961375000000        5.49476750000000      -0.158121652438914     
   5.18961375000000        5.79992125000000      -0.151139091193146     
   5.18961375000000        6.10507500000000      -0.144736175340351     
   5.18961375000000        6.41022875000000      -0.138895153956681     
   5.18961375000000        6.71538250000000      -0.133581406196526     
   5.18961375000000        7.02053625000000      -0.128747047907409     
   5.18961375000000        7.32569000000000      -0.124334528962708     
   5.49476750000000       2.000000000000000E-003 -0.474194354189311     
   5.49476750000000       0.307153750000000      -0.466604465350933     
   5.49476750000000       0.612307500000000      -0.446049463486401     
   5.49476750000000       0.917461250000000      -0.416914232789964     
   5.49476750000000        1.22261500000000      -0.383996301279493     
   5.49476750000000        1.52776875000000      -0.351860274833754     
   5.49476750000000        1.83292250000000      -0.323228050069676     
   5.49476750000000        2.13807625000000      -0.298729428746758     
   5.49476750000000        2.44323000000000      -0.277721026556447     
   5.49476750000000        2.74838375000000      -0.259185409570826     
   5.49476750000000        3.05353750000000      -0.242338634555956     
   5.49476750000000        3.35869125000000      -0.226840337782718     
   5.49476750000000        3.66384500000000      -0.212688526100800     
   5.49476750000000        3.96899875000000      -0.199986440143171     
   5.49476750000000        4.27415250000000      -0.188751082103574     
   5.49476750000000        4.57930625000000      -0.178852529468236     
   5.49476750000000        4.88446000000000      -0.170074996974224     
   5.49476750000000        5.18961375000000      -0.162212094141459     
   5.49476750000000        5.49476750000000      -0.155115595807223     
   5.49476750000000        5.79992125000000      -0.148682820011140     
   5.49476750000000        6.10507500000000      -0.142820666820728     
   5.49476750000000        6.41022875000000      -0.137426990245946     
   5.49476750000000        6.71538250000000      -0.132417698430563     
   5.49476750000000        7.02053625000000      -0.127770515292029     
   5.49476750000000        7.32569000000000      -0.123479370325964     
   5.79992125000000       2.000000000000000E-003 -0.393162020972330     
   5.79992125000000       0.307153750000000      -0.389102041418345     
   5.79992125000000       0.612307500000000      -0.377547839963223     
   5.79992125000000       0.917461250000000      -0.360396691451720     
   5.79992125000000        1.22261500000000      -0.340150796844898     
   5.79992125000000        1.52776875000000      -0.319065897341963     
   5.79992125000000        1.83292250000000      -0.298839834745893     
   5.79992125000000        2.13807625000000      -0.280406111997829     
   5.79992125000000        2.44323000000000      -0.263627731176833     
   5.79992125000000        2.74838375000000      -0.248044236094859     
   5.79992125000000        3.05353750000000      -0.233320977374175     
   5.79992125000000        3.35869125000000      -0.219380763585309     
   5.79992125000000        3.66384500000000      -0.206340207773099     
   5.79992125000000        3.96899875000000      -0.194388966409735     
   5.79992125000000        4.27415250000000      -0.183651994515774     
   5.79992125000000        4.57930625000000      -0.174115026862718     
   5.79992125000000        4.88446000000000      -0.165681786401546     
   5.79992125000000        5.18961375000000      -0.158248469831168     
   5.79992125000000        5.49476750000000      -0.151712093107025     
   5.79992125000000        5.79992125000000      -0.145946050557706     
   5.79992125000000        6.10507500000000      -0.140787782701712     
   5.79992125000000        6.41022875000000      -0.136061459081370     
   5.79992125000000        6.71538250000000      -0.131619037471735     
   5.79992125000000        7.02053625000000      -0.127365003542396     
   5.79992125000000        7.32569000000000      -0.123263168638537     
   6.10507500000000       2.000000000000000E-003 -0.343252233500666     
   6.10507500000000       0.307153750000000      -0.340769385235733     
   6.10507500000000       0.612307500000000      -0.333344061909373     
   6.10507500000000       0.917461250000000      -0.321689795888983     
   6.10507500000000        1.22261500000000      -0.307535000857592     
   6.10507500000000        1.52776875000000      -0.292424993903272     
   6.10507500000000        1.83292250000000      -0.277336235545890     
   6.10507500000000        2.13807625000000      -0.262939675868397     
   6.10507500000000        2.44323000000000      -0.249290769189894     
   6.10507500000000        2.74838375000000      -0.236223976152296     
   6.10507500000000        3.05353750000000      -0.223620581062415     
   6.10507500000000        3.35869125000000      -0.211416283042445     
   6.10507500000000        3.66384500000000      -0.199614629993252     
   6.10507500000000        3.96899875000000      -0.188463804204317     
   6.10507500000000        4.27415250000000      -0.178277407074037     
   6.10507500000000        4.57930625000000      -0.169142211933420     
   6.10507500000000        4.88446000000000      -0.161055917165917     
   6.10507500000000        5.18961375000000      -0.154040436070675     
   6.10507500000000        5.49476750000000      -0.148062306714515     
   6.10507500000000        5.79992125000000      -0.142993761194523     
   6.10507500000000        6.10507500000000      -0.138662637253998     
   6.10507500000000        6.41022875000000      -0.134773131168044     
   6.10507500000000        6.71538250000000      -0.131061948747153     
   6.10507500000000        7.02053625000000      -0.127336549149209     
   6.10507500000000        7.32569000000000      -0.123468824244216     
   6.41022875000000       2.000000000000000E-003 -0.312643280029469     
   6.41022875000000       0.307153750000000      -0.310508598730898     
   6.41022875000000       0.612307500000000      -0.303699702277448     
   6.41022875000000       0.917461250000000      -0.293515151654533     
   6.41022875000000        1.22261500000000      -0.281932244201664     
   6.41022875000000        1.52776875000000      -0.269922325008943     
   6.41022875000000        1.83292250000000      -0.257875139992201     
   6.41022875000000        2.13807625000000      -0.246173674842805     
   6.41022875000000        2.44323000000000      -0.234914618269854     
   6.41022875000000        2.74838375000000      -0.224097779032928     
   6.41022875000000        3.05353750000000      -0.213622758562778     
   6.41022875000000        3.35869125000000      -0.203249961526406     
   6.41022875000000        3.66384500000000      -0.192885642254550     
   6.41022875000000        3.96899875000000      -0.182690321483430     
   6.41022875000000        4.27415250000000      -0.173026018644500     
   6.41022875000000        4.57930625000000      -0.164261334906207     
   6.41022875000000        4.88446000000000      -0.156507618191929     
   6.41022875000000        5.18961375000000      -0.149830278391263     
   6.41022875000000        5.49476750000000      -0.144307682152381     
   6.41022875000000        5.79992125000000      -0.139899925964639     
   6.41022875000000        6.10507500000000      -0.136421330032869     
   6.41022875000000        6.41022875000000      -0.133415374215862     
   6.41022875000000        6.71538250000000      -0.130492777410545     
   6.41022875000000        7.02053625000000      -0.127418639021087     
   6.41022875000000        7.32569000000000      -0.123906376040885     
   6.71538250000000       2.000000000000000E-003 -0.291229098883234     
   6.71538250000000       0.307153750000000      -0.288134309689283     
   6.71538250000000       0.612307500000000      -0.279182775165397     
   6.71538250000000       0.917461250000000      -0.269240902456597     
   6.71538250000000        1.22261500000000      -0.259522257875814     
   6.71538250000000        1.52776875000000      -0.249730259345506     
   6.71538250000000        1.83292250000000      -0.239833520733545     
   6.71538250000000        2.13807625000000      -0.230148567886147     
   6.71538250000000        2.44323000000000      -0.220815667407155     
   6.71538250000000        2.74838375000000      -0.211914530438516     
   6.71538250000000        3.05353750000000      -0.203382607964674     
   6.71538250000000        3.35869125000000      -0.195185697425237     
   6.71538250000000        3.66384500000000      -0.186750518832254     
   6.71538250000000        3.96899875000000      -0.177809715361494     
   6.71538250000000        4.27415250000000      -0.168788372545878     
   6.71538250000000        4.57930625000000      -0.160042230633345     
   6.71538250000000        4.88446000000000      -0.152318528201243     
   6.71538250000000        5.18961375000000      -0.145814324284221     
   6.71538250000000        5.49476750000000      -0.140576322009406     
   6.71538250000000        5.79992125000000      -0.136769910785108     
   6.71538250000000        6.10507500000000      -0.134088112655509     
   6.71538250000000        6.41022875000000      -0.131915449210253     
   6.71538250000000        6.71538250000000      -0.129608449623727     
   6.71538250000000        7.02053625000000      -0.127153720299697     
   6.71538250000000        7.32569000000000      -0.124362990047470     
   7.02053625000000       2.000000000000000E-003 -0.268913594951041     
   7.02053625000000       0.307153750000000      -0.263626262012834     
   7.02053625000000       0.612307500000000      -0.251752380179144     
   7.02053625000000       0.917461250000000      -0.245079028995417     
   7.02053625000000        1.22261500000000      -0.238660255535082     
   7.02053625000000        1.52776875000000      -0.231255247327846     
   7.02053625000000        1.83292250000000      -0.223199443016852     
   7.02053625000000        2.13807625000000      -0.215167647922547     
   7.02053625000000        2.44323000000000      -0.207377372113388     
   7.02053625000000        2.74838375000000      -0.199929655341599     
   7.02053625000000        3.05353750000000      -0.193196046953385     
   7.02053625000000        3.35869125000000      -0.187804778398129     
   7.02053625000000        3.66384500000000      -0.182050181238887     
   7.02053625000000        3.96899875000000      -0.174171937950488     
   7.02053625000000        4.27415250000000      -0.165840973522279     
   7.02053625000000        4.57930625000000      -0.156821367850459     
   7.02053625000000        4.88446000000000      -0.148636326627265     
   7.02053625000000        5.18961375000000      -0.142086807097401     
   7.02053625000000        5.49476750000000      -0.137025400857119     
   7.02053625000000        5.79992125000000      -0.133715863547701     
   7.02053625000000        6.10507500000000      -0.131744021279362     
   7.02053625000000        6.41022875000000      -0.130450164206779     
   7.02053625000000        6.71538250000000      -0.128800434978623     
   7.02053625000000        7.02053625000000      -0.126529379598254     
   7.02053625000000        7.32569000000000      -0.124621755689334     
   7.32569000000000       2.000000000000000E-003 -0.246671432786642     
   7.32569000000000       0.307153750000000      -0.238696655647123     
   7.32569000000000       0.612307500000000      -0.228377375488329     
   7.32569000000000       0.917461250000000      -0.224646735105816     
   7.32569000000000        1.22261500000000      -0.220524232378277     
   7.32569000000000        1.52776875000000      -0.214931199795105     
   7.32569000000000        1.83292250000000      -0.208365351235824     
   7.32569000000000        2.13807625000000      -0.201650192069188     
   7.32569000000000        2.44323000000000      -0.195049947322684     
   7.32569000000000        2.74838375000000      -0.188775849066181     
   7.32569000000000        3.05353750000000      -0.183506373279456     
   7.32569000000000        3.35869125000000      -0.180486005645802     
   7.32569000000000        3.66384500000000      -0.177880826652338     
   7.32569000000000        3.96899875000000      -0.170979528976769     
   7.32569000000000        4.27415250000000      -0.163322360369018     
   7.32569000000000        4.57930625000000      -0.153809048281994     
   7.32569000000000        4.88446000000000      -0.145200796028521     
   7.32569000000000        5.18961375000000      -0.138596618036191     
   7.32569000000000        5.49476750000000      -0.133732346124690     
   7.32569000000000        5.79992125000000      -0.130774298365711     
   7.32569000000000        6.10507500000000      -0.129337509472668     
   7.32569000000000        6.41022875000000      -0.128910078790884     
   7.32569000000000        6.71538250000000      -0.128618483173106     
   7.32569000000000        7.02053625000000      -0.126762621610408     
   7.32569000000000        7.32569000000000      -0.122803074946842     
