  2.000000000000000E-003  2.000000000000000E-003 -0.504215509586040     
  2.000000000000000E-003  0.307153750000000      -0.481324619148222     
  2.000000000000000E-003  0.612307500000000      -0.431712384727028     
  2.000000000000000E-003  0.917461250000000      -0.383361550377262     
  2.000000000000000E-003   1.22261500000000      -0.346180197327334     
  2.000000000000000E-003   1.52776875000000      -0.316966397719391     
  2.000000000000000E-003   1.83292250000000      -0.292121425723285     
  2.000000000000000E-003   2.13807625000000      -0.269911644233595     
  2.000000000000000E-003   2.44323000000000      -0.250095205513037     
  2.000000000000000E-003   2.74838375000000      -0.232521196289054     
  2.000000000000000E-003   3.05353750000000      -0.218703737898698     
  2.000000000000000E-003   3.35869125000000      -0.212028782578130     
  2.000000000000000E-003   3.66384500000000      -0.208375642130433     
  2.000000000000000E-003   3.96899875000000      -0.194218930422186     
  2.000000000000000E-003   4.27415250000000      -0.180422116002724     
  2.000000000000000E-003   4.57930625000000      -0.165654718126743     
  2.000000000000000E-003   4.88446000000000      -0.153177093506940     
  2.000000000000000E-003   5.18961375000000      -0.143952572488255     
  2.000000000000000E-003   5.49476750000000      -0.137265571628454     
  2.000000000000000E-003   5.79992125000000      -0.133545166458401     
  2.000000000000000E-003   6.10507500000000      -0.132183176596714     
  2.000000000000000E-003   6.41022875000000      -0.132240357995249     
  2.000000000000000E-003   6.71538250000000      -0.132245475473982     
  2.000000000000000E-003   7.02053625000000      -0.130007642253954     
  2.000000000000000E-003   7.32569000000000      -0.125333535451045     
  0.307153750000000       2.000000000000000E-003 -0.559242635812772     
  0.307153750000000       0.307153750000000      -0.512403473943373     
  0.307153750000000       0.612307500000000      -0.465279655637821     
  0.307153750000000       0.917461250000000      -0.420420403774738     
  0.307153750000000        1.22261500000000      -0.379807819953673     
  0.307153750000000        1.52776875000000      -0.345106656856102     
  0.307153750000000        1.83292250000000      -0.315043781161771     
  0.307153750000000        2.13807625000000      -0.288490075470246     
  0.307153750000000        2.44323000000000      -0.265571201821416     
  0.307153750000000        2.74838375000000      -0.245604493427152     
  0.307153750000000        3.05353750000000      -0.229647174715776     
  0.307153750000000        3.35869125000000      -0.219985193962765     
  0.307153750000000        3.66384500000000      -0.212826404068383     
  0.307153750000000        3.96899875000000      -0.199279546948185     
  0.307153750000000        4.27415250000000      -0.183829332465615     
  0.307153750000000        4.57930625000000      -0.168823321821548     
  0.307153750000000        4.88446000000000      -0.156298855310450     
  0.307153750000000        5.18961375000000      -0.146800767499203     
  0.307153750000000        5.49476750000000      -0.139787611722970     
  0.307153750000000        5.79992125000000      -0.135635372417397     
  0.307153750000000        6.10507500000000      -0.133681387225207     
  0.307153750000000        6.41022875000000      -0.132858139113889     
  0.307153750000000        6.71538250000000      -0.131503904900838     
  0.307153750000000        7.02053625000000      -0.128719474374495     
  0.307153750000000        7.32569000000000      -0.126555742775915     
  0.612307500000000       2.000000000000000E-003 -0.600010213069951     
  0.612307500000000       0.307153750000000      -0.568008006692769     
  0.612307500000000       0.612307500000000      -0.513360906128731     
  0.612307500000000       0.917461250000000      -0.460250328564567     
  0.612307500000000        1.22261500000000      -0.412101386554919     
  0.612307500000000        1.52776875000000      -0.370663662820972     
  0.612307500000000        1.83292250000000      -0.335335736107192     
  0.612307500000000        2.13807625000000      -0.305331944706659     
  0.612307500000000        2.44323000000000      -0.280040761718909     
  0.612307500000000        2.74838375000000      -0.258352896916789     
  0.612307500000000        3.05353750000000      -0.240630855344666     
  0.612307500000000        3.35869125000000      -0.227275678297985     
  0.612307500000000        3.66384500000000      -0.215647274705144     
  0.612307500000000        3.96899875000000      -0.201554834245084     
  0.612307500000000        4.27415250000000      -0.185864124679560     
  0.612307500000000        4.57930625000000      -0.171227117777612     
  0.612307500000000        4.88446000000000      -0.159155523464013     
  0.612307500000000        5.18961375000000      -0.149696421143858     
  0.612307500000000        5.49476750000000      -0.142554218028707     
  0.612307500000000        5.79992125000000      -0.137842547577932     
  0.612307500000000        6.10507500000000      -0.135038248026789     
  0.612307500000000        6.41022875000000      -0.133103053896363     
  0.612307500000000        6.71538250000000      -0.130844520361587     
  0.612307500000000        7.02053625000000      -0.127955127640296     
  0.612307500000000        7.32569000000000      -0.125059025566750     
  0.917461250000000       2.000000000000000E-003 -0.647157667903175     
  0.917461250000000       0.307153750000000      -0.620962061951734     
  0.917461250000000       0.612307500000000      -0.562365632109510     
  0.917461250000000       0.917461250000000      -0.498332832052148     
  0.917461250000000        1.22261500000000      -0.440498902504249     
  0.917461250000000        1.52776875000000      -0.391732696375053     
  0.917461250000000        1.83292250000000      -0.351630739413113     
  0.917461250000000        2.13807625000000      -0.319029938107538     
  0.917461250000000        2.44323000000000      -0.291697934416157     
  0.917461250000000        2.74838375000000      -0.268301921069002     
  0.917461250000000        3.05353750000000      -0.248543375661281     
  0.917461250000000        3.35869125000000      -0.231934066892747     
  0.917461250000000        3.66384500000000      -0.216911847358065     
  0.917461250000000        3.96899875000000      -0.201795791193366     
  0.917461250000000        4.27415250000000      -0.186768077785213     
  0.917461250000000        4.57930625000000      -0.173186004926257     
  0.917461250000000        4.88446000000000      -0.161760939451186     
  0.917461250000000        5.18961375000000      -0.152515815800460     
  0.917461250000000        5.49476750000000      -0.145343654541910     
  0.917461250000000        5.79992125000000      -0.140070654594439     
  0.917461250000000        6.10507500000000      -0.136361063873768     
  0.917461250000000        6.41022875000000      -0.133410221849697     
  0.917461250000000        6.71538250000000      -0.130490612350583     
  0.917461250000000        7.02053625000000      -0.127254707716231     
  0.917461250000000        7.32569000000000      -0.123641446523214     
   1.22261500000000       2.000000000000000E-003 -0.671331374801088     
   1.22261500000000       0.307153750000000      -0.649020623148824     
   1.22261500000000       0.612307500000000      -0.592808150883504     
   1.22261500000000       0.917461250000000      -0.525266259177759     
   1.22261500000000        1.22261500000000      -0.461276069133697     
   1.22261500000000        1.52776875000000      -0.407045782552530     
   1.22261500000000        1.83292250000000      -0.363673245167573     
   1.22261500000000        2.13807625000000      -0.328850030053891     
   1.22261500000000        2.44323000000000      -0.299678337023046     
   1.22261500000000        2.74838375000000      -0.274656665701799     
   1.22261500000000        3.05353750000000      -0.253076499936830     
   1.22261500000000        3.35869125000000      -0.234365291144668     
   1.22261500000000        3.66384500000000      -0.217580120619457     
   1.22261500000000        3.96899875000000      -0.202014909235223     
   1.22261500000000        4.27415250000000      -0.187718244810348     
   1.22261500000000        4.57930625000000      -0.175039414997070     
   1.22261500000000        4.88446000000000      -0.164166768965968     
   1.22261500000000        5.18961375000000      -0.155154668337238     
   1.22261500000000        5.49476750000000      -0.147902719061769     
   1.22261500000000        5.79992125000000      -0.142144085015417     
   1.22261500000000        6.10507500000000      -0.137570601630404     
   1.22261500000000        6.41022875000000      -0.133661479847993     
   1.22261500000000        6.71538250000000      -0.129959361850733     
   1.22261500000000        7.02053625000000      -0.126198692930632     
   1.22261500000000        7.32569000000000      -0.122268256169174     
   1.52776875000000       2.000000000000000E-003 -0.672747697601444     
   1.52776875000000       0.307153750000000      -0.653211163779583     
   1.52776875000000       0.612307500000000      -0.602413304801644     
   1.52776875000000       0.917461250000000      -0.536706086955431     
   1.52776875000000        1.22261500000000      -0.471549295053512     
   1.52776875000000        1.52776875000000      -0.415728433153568     
   1.52776875000000        1.83292250000000      -0.370963387590460     
   1.52776875000000        2.13807625000000      -0.334313205156947     
   1.52776875000000        2.44323000000000      -0.303674817966237     
   1.52776875000000        2.74838375000000      -0.277570508986174     
   1.52776875000000        3.05353750000000      -0.255019207567113     
   1.52776875000000        3.35869125000000      -0.235337622961247     
   1.52776875000000        3.66384500000000      -0.217964781615734     
   1.52776875000000        3.96899875000000      -0.202495086932021     
   1.52776875000000        4.27415250000000      -0.188754117069742     
   1.52776875000000        4.57930625000000      -0.176699338502711     
   1.52776875000000        4.88446000000000      -0.166299644540153     
   1.52776875000000        5.18961375000000      -0.157483422836938     
   1.52776875000000        5.49476750000000      -0.150101586956833     
   1.52776875000000        5.79992125000000      -0.143909645194750     
   1.52776875000000        6.10507500000000      -0.138596472390695     
   1.52776875000000        6.41022875000000      -0.133856366850749     
   1.52776875000000        6.71538250000000      -0.129439180783316     
   1.52776875000000        7.02053625000000      -0.125206663412540     
   1.52776875000000        7.32569000000000      -0.121104765116593     
   1.83292250000000       2.000000000000000E-003 -0.655032588686970     
   1.83292250000000       0.307153750000000      -0.638078384422271     
   1.83292250000000       0.612307500000000      -0.591980880402810     
   1.83292250000000       0.917461250000000      -0.531347839463250     
   1.83292250000000        1.22261500000000      -0.471218079380358     
   1.83292250000000        1.52776875000000      -0.417925049529224     
   1.83292250000000        1.83292250000000      -0.372677836586033     
   1.83292250000000        2.13807625000000      -0.334965125944793     
   1.83292250000000        2.44323000000000      -0.303584457250840     
   1.83292250000000        2.74838375000000      -0.277183010503346     
   1.83292250000000        3.05353750000000      -0.254595405556389     
   1.83292250000000        3.35869125000000      -0.234978920856711     
   1.83292250000000        3.66384500000000      -0.217787301917585     
   1.83292250000000        3.96899875000000      -0.202685635282156     
   1.83292250000000        4.27415250000000      -0.189461305114152     
   1.83292250000000        4.57930625000000      -0.177944320976424     
   1.83292250000000        4.88446000000000      -0.167961766400402     
   1.83292250000000        5.18961375000000      -0.159326955913922     
   1.83292250000000        5.49476750000000      -0.151837419962393     
   1.83292250000000        5.79992125000000      -0.145274889681745     
   1.83292250000000        6.10507500000000      -0.139419355547477     
   1.83292250000000        6.41022875000000      -0.134078824140749     
   1.83292250000000        6.71538250000000      -0.129132181431248     
   1.83292250000000        7.02053625000000      -0.124552732959323     
   1.83292250000000        7.32569000000000      -0.120328247882076     
   2.13807625000000       2.000000000000000E-003 -0.625076887937622     
   2.13807625000000       0.307153750000000      -0.610148137061694     
   2.13807625000000       0.612307500000000      -0.570846880067840     
   2.13807625000000       0.917461250000000      -0.518676841347288     
   2.13807625000000        1.22261500000000      -0.463886734426707     
   2.13807625000000        1.52776875000000      -0.412723201348952     
   2.13807625000000        1.83292250000000      -0.368054400253676     
   2.13807625000000        2.13807625000000      -0.330536794909002     
   2.13807625000000        2.44323000000000      -0.299515712749887     
   2.13807625000000        2.74838375000000      -0.273738670583431     
   2.13807625000000        3.05353750000000      -0.251916103470299     
   2.13807625000000        3.35869125000000      -0.233058272097417     
   2.13807625000000        3.66384500000000      -0.216558721928316     
   2.13807625000000        3.96899875000000      -0.202096085496022     
   2.13807625000000        4.27415250000000      -0.189473763077202     
   2.13807625000000        4.57930625000000      -0.178496344735917     
   2.13807625000000        4.88446000000000      -0.168925871077953     
   2.13807625000000        5.18961375000000      -0.160503326146595     
   2.13807625000000        5.49476750000000      -0.152991395656510     
   2.13807625000000        5.79992125000000      -0.146202943010370     
   2.13807625000000        6.10507500000000      -0.140008666143895     
   2.13807625000000        6.41022875000000      -0.134332932182955     
   2.13807625000000        6.71538250000000      -0.129142163381151     
   2.13807625000000        7.02053625000000      -0.124420951917611     
   2.13807625000000        7.32569000000000      -0.120138400193439     
   2.44323000000000       2.000000000000000E-003 -0.611780041121675     
   2.44323000000000       0.307153750000000      -0.595579182655737     
   2.44323000000000       0.612307500000000      -0.553769442905195     
   2.44323000000000       0.917461250000000      -0.501598159472161     
   2.44323000000000        1.22261500000000      -0.448666548358511     
   2.44323000000000        1.52776875000000      -0.399741304601963     
   2.44323000000000        1.83292250000000      -0.357089671940502     
   2.44323000000000        2.13807625000000      -0.321340786168308     
   2.44323000000000        2.44323000000000      -0.291946406052702     
   2.44323000000000        2.74838375000000      -0.267699336317736     
   2.44323000000000        3.05353750000000      -0.247275405643678     
   2.44323000000000        3.35869125000000      -0.229629900297937     
   2.44323000000000        3.66384500000000      -0.214137692345761     
   2.44323000000000        3.96899875000000      -0.200504403969911     
   2.44323000000000        4.27415250000000      -0.188574389219776     
   2.44323000000000        4.57930625000000      -0.178170554590256     
   2.44323000000000        4.88446000000000      -0.169038536184616     
   2.44323000000000        5.18961375000000      -0.160887506292986     
   2.44323000000000        5.49476750000000      -0.153468862170912     
   2.44323000000000        5.79992125000000      -0.146629732761802     
   2.44323000000000        6.10507500000000      -0.140316830650678     
   2.44323000000000        6.41022875000000      -0.134543416478785     
   2.44323000000000        6.71538250000000      -0.129340308344952     
   2.44323000000000        7.02053625000000      -0.124697007685092     
   2.44323000000000        7.32569000000000      -0.120498914539593     
   2.74838375000000       2.000000000000000E-003 -0.597007403401689     
   2.74838375000000       0.307153750000000      -0.579986288525133     
   2.74838375000000       0.612307500000000      -0.535761858393873     
   2.74838375000000       0.917461250000000      -0.479480481231478     
   2.74838375000000        1.22261500000000      -0.426277932220319     
   2.74838375000000        1.52776875000000      -0.380236886567884     
   2.74838375000000        1.83292250000000      -0.341059455757012     
   2.74838375000000        2.13807625000000      -0.308487400550723     
   2.74838375000000        2.44323000000000      -0.281767652489293     
   2.74838375000000        2.74838375000000      -0.259721634041486     
   2.74838375000000        3.05353750000000      -0.241098207823057     
   2.74838375000000        3.35869125000000      -0.224913888499088     
   2.74838375000000        3.66384500000000      -0.210595975514870     
   2.74838375000000        3.96899875000000      -0.197904157619799     
   2.74838375000000        4.27415250000000      -0.186733460284694     
   2.74838375000000        4.57930625000000      -0.176939269953794     
   2.74838375000000        4.88446000000000      -0.168276277099956     
   2.74838375000000        5.18961375000000      -0.160452972564216     
   2.74838375000000        5.49476750000000      -0.153232668827268     
   2.74838375000000        5.79992125000000      -0.146501002562526     
   2.74838375000000        6.10507500000000      -0.140266014328894     
   2.74838375000000        6.41022875000000      -0.134608420634385     
   2.74838375000000        6.71538250000000      -0.129633353029895     
   2.74838375000000        7.02053625000000      -0.125341244561790     
   2.74838375000000        7.32569000000000      -0.121449494949154     
   3.05353750000000       2.000000000000000E-003 -0.567704912128612     
   3.05353750000000       0.307153750000000      -0.549902862517578     
   3.05353750000000       0.612307500000000      -0.505082356618445     
   3.05353750000000       0.917461250000000      -0.450450553331537     
   3.05353750000000        1.22261500000000      -0.399089899829606     
   3.05353750000000        1.52776875000000      -0.356928342474330     
   3.05353750000000        1.83292250000000      -0.322211682763501     
   3.05353750000000        2.13807625000000      -0.293599403600571     
   3.05353750000000        2.44323000000000      -0.270069529568775     
   3.05353750000000        2.74838375000000      -0.250510234735449     
   3.05353750000000        3.05353750000000      -0.233832388753271     
   3.05353750000000        3.35869125000000      -0.219196485238457     
   3.05353750000000        3.66384500000000      -0.206125603595226     
   3.05353750000000        3.96899875000000      -0.194439162355092     
   3.05353750000000        4.27415250000000      -0.184073756706483     
   3.05353750000000        4.57930625000000      -0.174913833546552     
   3.05353750000000        4.88446000000000      -0.166734999173454     
   3.05353750000000        5.18961375000000      -0.159268596183581     
   3.05353750000000        5.49476750000000      -0.152310859732123     
   3.05353750000000        5.79992125000000      -0.145791081448268     
   3.05353750000000        6.10507500000000      -0.139765493931114     
   3.05353750000000        6.41022875000000      -0.134365474943792     
   3.05353750000000        6.71538250000000      -0.129767299667684     
   3.05353750000000        7.02053625000000      -0.126015926724209     
   3.05353750000000        7.32569000000000      -0.122648669539011     
   3.35869125000000       2.000000000000000E-003 -0.525786972394109     
   3.35869125000000       0.307153750000000      -0.509087059719684     
   3.35869125000000       0.612307500000000      -0.466857557875034     
   3.35869125000000       0.917461250000000      -0.416159906917632     
   3.35869125000000        1.22261500000000      -0.369931960779483     
   3.35869125000000        1.52776875000000      -0.332727341028898     
   3.35869125000000        1.83292250000000      -0.302757006729145     
   3.35869125000000        2.13807625000000      -0.278151818036464     
   3.35869125000000        2.44323000000000      -0.257771923954455     
   3.35869125000000        2.74838375000000      -0.240636116120527     
   3.35869125000000        3.05353750000000      -0.225857236176960     
   3.35869125000000        3.35869125000000      -0.212760696893899     
   3.35869125000000        3.66384500000000      -0.200962160405249     
   3.35869125000000        3.96899875000000      -0.190319330060028     
   3.35869125000000        4.27415250000000      -0.180787680071056     
   3.35869125000000        4.57930625000000      -0.172270354324413     
   3.35869125000000        4.88446000000000      -0.164570476311379     
   3.35869125000000        5.18961375000000      -0.157459823643255     
   3.35869125000000        5.49476750000000      -0.150783053793896     
   3.35869125000000        5.79992125000000      -0.144515822475462     
   3.35869125000000        6.10507500000000      -0.138747556572558     
   3.35869125000000        6.41022875000000      -0.133623909035436     
   3.35869125000000        6.71538250000000      -0.129355208232890     
   3.35869125000000        7.02053625000000      -0.126144691645926     
   3.35869125000000        7.32569000000000      -0.123320302112768     
   3.66384500000000       2.000000000000000E-003 -0.474192933471510     
   3.66384500000000       0.307153750000000      -0.463589060290666     
   3.66384500000000       0.612307500000000      -0.427004638339125     
   3.66384500000000       0.917461250000000      -0.381760949706906     
   3.66384500000000        1.22261500000000      -0.341355139183745     
   3.66384500000000        1.52776875000000      -0.309405842998684     
   3.66384500000000        1.83292250000000      -0.283911561724366     
   3.66384500000000        2.13807625000000      -0.262926412566725     
   3.66384500000000        2.44323000000000      -0.245377339148776     
   3.66384500000000        2.74838375000000      -0.230456394139851     
   3.66384500000000        3.05353750000000      -0.217464498512097     
   3.66384500000000        3.35869125000000      -0.205863500149799     
   3.66384500000000        3.66384500000000      -0.195333549255998     
   3.66384500000000        3.96899875000000      -0.185745062356110     
   3.66384500000000        4.27415250000000      -0.177052269851063     
   3.66384500000000        4.57930625000000      -0.169168790969400     
   3.66384500000000        4.88446000000000      -0.161930409189144     
   3.66384500000000        5.18961375000000      -0.155159944403439     
   3.66384500000000        5.49476750000000      -0.148756699496233     
   3.66384500000000        5.79992125000000      -0.142738941891603     
   3.66384500000000        6.10507500000000      -0.137214682149139     
   3.66384500000000        6.41022875000000      -0.132333406248868     
   3.66384500000000        6.71538250000000      -0.128322248803101     
   3.66384500000000        7.02053625000000      -0.125526787662703     
   3.66384500000000        7.32569000000000      -0.123480005454317     
   3.96899875000000       2.000000000000000E-003 -0.426318115708659     
   3.96899875000000       0.307153750000000      -0.415916713097958     
   3.96899875000000       0.612307500000000      -0.384997549424431     
   3.96899875000000       0.917461250000000      -0.347241718358573     
   3.96899875000000        1.22261500000000      -0.313627898393676     
   3.96899875000000        1.52776875000000      -0.287019213040603     
   3.96899875000000        1.83292250000000      -0.265705859859126     
   3.96899875000000        2.13807625000000      -0.247999061060477     
   3.96899875000000        2.44323000000000      -0.233038673617996     
   3.96899875000000        2.74838375000000      -0.220195092904937     
   3.96899875000000        3.05353750000000      -0.208914428657373     
   3.96899875000000        3.35869125000000      -0.198756339974466     
   3.96899875000000        3.66384500000000      -0.189449228486235     
   3.96899875000000        3.96899875000000      -0.180874956078527     
   3.96899875000000        4.27415250000000      -0.172985702968957     
   3.96899875000000        4.57930625000000      -0.165707157452848     
   3.96899875000000        4.88446000000000      -0.158911962972101     
   3.96899875000000        5.18961375000000      -0.152474302000448     
   3.96899875000000        5.49476750000000      -0.146341573012741     
   3.96899875000000        5.79992125000000      -0.140562856678483     
   3.96899875000000        6.10507500000000      -0.135254607369567     
   3.96899875000000        6.41022875000000      -0.130591265854338     
   3.96899875000000        6.71538250000000      -0.126830541405782     
   3.96899875000000        7.02053625000000      -0.124129645435922     
   3.96899875000000        7.32569000000000      -0.121708533922759     
   4.27415250000000       2.000000000000000E-003 -0.368792630999929     
   4.27415250000000       0.307153750000000      -0.360190658614706     
   4.27415250000000       0.612307500000000      -0.337851984079665     
   4.27415250000000       0.917461250000000      -0.310658651408082     
   4.27415250000000        1.22261500000000      -0.285442104322422     
   4.27415250000000        1.52776875000000      -0.264786972422065     
   4.27415250000000        1.83292250000000      -0.247688071213510     
   4.27415250000000        2.13807625000000      -0.233231616113036     
   4.27415250000000        2.44323000000000      -0.220858941298833     
   4.27415250000000        2.74838375000000      -0.210094215474618     
   4.27415250000000        3.05353750000000      -0.200491125812511     
   4.27415250000000        3.35869125000000      -0.191694884729075     
   4.27415250000000        3.66384500000000      -0.183498077280102     
   4.27415250000000        3.96899875000000      -0.175823387896412     
   4.27415250000000        4.27415250000000      -0.168647030331794     
   4.27415250000000        4.57930625000000      -0.161921393159470     
   4.27415250000000        4.88446000000000      -0.155556901848431     
   4.27415250000000        5.18961375000000      -0.149467319537697     
   4.27415250000000        5.49476750000000      -0.143628428463295     
   4.27415250000000        5.79992125000000      -0.138099986814000     
   4.27415250000000        6.10507500000000      -0.132997905445471     
   4.27415250000000        6.41022875000000      -0.128478445604874     
   4.27415250000000        6.71538250000000      -0.124804265819399     
   4.27415250000000        7.02053625000000      -0.121990915701908     
   4.27415250000000        7.32569000000000      -0.119397790620358     
   4.57930625000000       2.000000000000000E-003 -0.308000672993603     
   4.57930625000000       0.307153750000000      -0.303126346911359     
   4.57930625000000       0.612307500000000      -0.290349585299332     
   4.57930625000000       0.917461250000000      -0.273814519507657     
   4.57930625000000        1.22261500000000      -0.257305066354733     
   4.57930625000000        1.52776875000000      -0.242620519700930     
   4.57930625000000        1.83292250000000      -0.229863628213659     
   4.57930625000000        2.13807625000000      -0.218804730599784     
   4.57930625000000        2.44323000000000      -0.209128213664597     
   4.57930625000000        2.74838375000000      -0.200466753644739     
   4.57930625000000        3.05353750000000      -0.192467406513153     
   4.57930625000000        3.35869125000000      -0.184881217142941     
   4.57930625000000        3.66384500000000      -0.177606197869986     
   4.57930625000000        3.96899875000000      -0.170651715193539     
   4.57930625000000        4.27415250000000      -0.164055822284894     
   4.57930625000000        4.57930625000000      -0.157815807309553     
   4.57930625000000        4.88446000000000      -0.151876128891086     
   4.57930625000000        5.18961375000000      -0.146170663022258     
   4.57930625000000        5.49476750000000      -0.140677311764643     
   4.57930625000000        5.79992125000000      -0.135441811762154     
   4.57930625000000        6.10507500000000      -0.130560597780454     
   4.57930625000000        6.41022875000000      -0.126147234639640     
   4.57930625000000        6.71538250000000      -0.122358300969448     
   4.57930625000000        7.02053625000000      -0.119204122991755     
   4.57930625000000        7.32569000000000      -0.116260141008551     
   4.88446000000000       2.000000000000000E-003 -0.258086092896730     
   4.88446000000000       0.307153750000000      -0.255923142593789     
   4.88446000000000       0.612307500000000      -0.249777829245409     
   4.88446000000000       0.917461250000000      -0.240819240818619     
   4.88446000000000        1.22261500000000      -0.231001418511478     
   4.88446000000000        1.52776875000000      -0.221578460498260     
   4.88446000000000        1.83292250000000      -0.213011676428186     
   4.88446000000000        2.13807625000000      -0.205314116990406     
   4.88446000000000        2.44323000000000      -0.198269767062745     
   4.88446000000000        2.74838375000000      -0.191578609760437     
   4.88446000000000        3.05353750000000      -0.184986894873042     
   4.88446000000000        3.35869125000000      -0.178380460237096     
   4.88446000000000        3.66384500000000      -0.171798950690683     
   4.88446000000000        3.96899875000000      -0.165371570988806     
   4.88446000000000        4.27415250000000      -0.159222111527787     
   4.88446000000000        4.57930625000000      -0.153401723472236     
   4.88446000000000        4.88446000000000      -0.147882506169837     
   4.88446000000000        5.18961375000000      -0.142601916250791     
   4.88446000000000        5.49476750000000      -0.137519194121810     
   4.88446000000000        5.79992125000000      -0.132645886390793     
   4.88446000000000        6.10507500000000      -0.128040619714304     
   4.88446000000000        6.41022875000000      -0.123783226293438     
   4.88446000000000        6.71538250000000      -0.119943248851169     
   4.88446000000000        7.02053625000000      -0.116526638089040     
   4.88446000000000        7.32569000000000      -0.113382418866182     
   5.18961375000000       2.000000000000000E-003 -0.221575334694883     
   5.18961375000000       0.307153750000000      -0.220614539748942     
   5.18961375000000       0.612307500000000      -0.217776949118061     
   5.18961375000000       0.917461250000000      -0.213464302214189     
   5.18961375000000        1.22261500000000      -0.208389736595287     
   5.18961375000000        1.52776875000000      -0.203192270332317     
   5.18961375000000        1.83292250000000      -0.198189310305325     
   5.18961375000000        2.13807625000000      -0.193376193142041     
   5.18961375000000        2.44323000000000      -0.188548637750967     
   5.18961375000000        2.74838375000000      -0.183461622483553     
   5.18961375000000        3.05353750000000      -0.177969205049459     
   5.18961375000000        3.35869125000000      -0.172096306857116     
   5.18961375000000        3.66384500000000      -0.166019661498805     
   5.18961375000000        3.96899875000000      -0.159980478966837     
   5.18961375000000        4.27415250000000      -0.154182725005187     
   5.18961375000000        4.57930625000000      -0.148728660547814     
   5.18961375000000        4.88446000000000      -0.143616252448537     
   5.18961375000000        5.18961375000000      -0.138784355512327     
   5.18961375000000        5.49476750000000      -0.134169157056122     
   5.18961375000000        5.79992125000000      -0.129740383024274     
   5.18961375000000        6.10507500000000      -0.125508493639719     
   5.18961375000000        6.41022875000000      -0.121511975381698     
   5.18961375000000        6.71538250000000      -0.117795315420679     
   5.18961375000000        7.02053625000000      -0.114381071079785     
   5.18961375000000        7.32569000000000      -0.111245325649486     
   5.49476750000000       2.000000000000000E-003 -0.193992059922187     
   5.49476750000000       0.307153750000000      -0.193850668945782     
   5.49476750000000       0.612307500000000      -0.193413951251247     
   5.49476750000000       0.917461250000000      -0.192400042903433     
   5.49476750000000        1.22261500000000      -0.190666306594759     
   5.49476750000000        1.52776875000000      -0.188445908851576     
   5.49476750000000        1.83292250000000      -0.185947580316098     
   5.49476750000000        2.13807625000000      -0.183137624695846     
   5.49476750000000        2.44323000000000      -0.179832415372755     
   5.49476750000000        2.74838375000000      -0.175854936033158     
   5.49476750000000        3.05353750000000      -0.171156890352505     
   5.49476750000000        3.35869125000000      -0.165859560546157     
   5.49476750000000        3.66384500000000      -0.160214670397568     
   5.49476750000000        3.96899875000000      -0.154520502198671     
   5.49476750000000        4.27415250000000      -0.149032156908735     
   5.49476750000000        4.57930625000000      -0.143899386763444     
   5.49476750000000        4.88446000000000      -0.139157484393690     
   5.49476750000000        5.18961375000000      -0.134763892174524     
   5.49476750000000        5.49476750000000      -0.130646688650163     
   5.49476750000000        5.79992125000000      -0.126740495555543     
   5.49476750000000        6.10507500000000      -0.123003711752021     
   5.49476750000000        6.41022875000000      -0.119419488461938     
   5.49476750000000        6.71538250000000      -0.115999721489015     
   5.49476750000000        7.02053625000000      -0.112787126967712     
   5.49476750000000        7.32569000000000      -0.109800092476497     
   5.79992125000000       2.000000000000000E-003 -0.176211742298635     
   5.79992125000000       0.307153750000000      -0.176562498067920     
   5.79992125000000       0.612307500000000      -0.177238122264492     
   5.79992125000000       0.917461250000000      -0.177721870337897     
   5.79992125000000        1.22261500000000      -0.177718700206731     
   5.79992125000000        1.52776875000000      -0.177148860381346     
   5.79992125000000        1.83292250000000      -0.175943525071583     
   5.79992125000000        2.13807625000000      -0.174151617324727     
   5.79992125000000        2.44323000000000      -0.171663525328255     
   5.79992125000000        2.74838375000000      -0.168382799481642     
   5.79992125000000        3.05353750000000      -0.164320561542489     
   5.79992125000000        3.35869125000000      -0.159605722181630     
   5.79992125000000        3.66384500000000      -0.154452220450256     
   5.79992125000000        3.96899875000000      -0.149132421230580     
   5.79992125000000        4.27415250000000      -0.143932395642071     
   5.79992125000000        4.57930625000000      -0.139065022459096     
   5.79992125000000        4.88446000000000      -0.134626523349478     
   5.79992125000000        5.18961375000000      -0.130620987256858     
   5.79992125000000        5.49476750000000      -0.126995256597190     
   5.79992125000000        5.79992125000000      -0.123667484517957     
   5.79992125000000        6.10507500000000      -0.120551151309196     
   5.79992125000000        6.41022875000000      -0.117580568803201     
   5.79992125000000        6.71538250000000      -0.114697540680040     
   5.79992125000000        7.02053625000000      -0.111869736055572     
   5.79992125000000        7.32569000000000      -0.109083841669999     
   6.10507500000000       2.000000000000000E-003 -0.166931210427772     
   6.10507500000000       0.307153750000000      -0.167394768641793     
   6.10507500000000       0.612307500000000      -0.168202076797183     
   6.10507500000000       0.917461250000000      -0.168612098657121     
   6.10507500000000        1.22261500000000      -0.168575286146910     
   6.10507500000000        1.52776875000000      -0.168152651209950     
   6.10507500000000        1.83292250000000      -0.167244056292540     
   6.10507500000000        2.13807625000000      -0.165734637580031     
   6.10507500000000        2.44323000000000      -0.163610253812245     
   6.10507500000000        2.74838375000000      -0.160850996773672     
   6.10507500000000        3.05353750000000      -0.157480329466172     
   6.10507500000000        3.35869125000000      -0.153525905342062     
   6.10507500000000        3.66384500000000      -0.149001292906455     
   6.10507500000000        3.96899875000000      -0.144060647091937     
   6.10507500000000        4.27415250000000      -0.139077673944806     
   6.10507500000000        4.57930625000000      -0.134395638922938     
   6.10507500000000        4.88446000000000      -0.130172681560384     
   6.10507500000000        5.18961375000000      -0.126473581938932     
   6.10507500000000        5.49476750000000      -0.123289930792951     
   6.10507500000000        5.79992125000000      -0.120549013211759     
   6.10507500000000        6.10507500000000      -0.118172830028706     
   6.10507500000000        6.41022875000000      -0.115967368061623     
   6.10507500000000        6.71538250000000      -0.113763063256395     
   6.10507500000000        7.02053625000000      -0.111439392047269     
   6.10507500000000        7.32569000000000      -0.108895815966464     
   6.41022875000000       2.000000000000000E-003 -0.163941396371738     
   6.41022875000000       0.307153750000000      -0.164055088786531     
   6.41022875000000       0.612307500000000      -0.163487984700471     
   6.41022875000000       0.917461250000000      -0.162347623264569     
   6.41022875000000        1.22261500000000      -0.161271060887604     
   6.41022875000000        1.52776875000000      -0.160227891402072     
   6.41022875000000        1.83292250000000      -0.159020695025034     
   6.41022875000000        2.13807625000000      -0.157483556673446     
   6.41022875000000        2.44323000000000      -0.155590914397409     
   6.41022875000000        2.74838375000000      -0.153395066124643     
   6.41022875000000        3.05353750000000      -0.150878725787018     
   6.41022875000000        3.35869125000000      -0.147886052638917     
   6.41022875000000        3.66384500000000      -0.144120640908876     
   6.41022875000000        3.96899875000000      -0.139546236136832     
   6.41022875000000        4.27415250000000      -0.134645136613333     
   6.41022875000000        4.57930625000000      -0.130026103757498     
   6.41022875000000        4.88446000000000      -0.125956092049808     
   6.41022875000000        5.18961375000000      -0.122468526790257     
   6.41022875000000        5.49476750000000      -0.119627993421550     
   6.41022875000000        5.79992125000000      -0.117450551384111     
   6.41022875000000        6.10507500000000      -0.115829699811372     
   6.41022875000000        6.41022875000000      -0.114419334885063     
   6.41022875000000        6.71538250000000      -0.112932462029660     
   6.41022875000000        7.02053625000000      -0.111217052160313     
   6.41022875000000        7.32569000000000      -0.109041005287168     
   6.71538250000000       2.000000000000000E-003 -0.163256753512921     
   6.71538250000000       0.307153750000000      -0.162099444890996     
   6.71538250000000       0.612307500000000      -0.158169674105152     
   6.71538250000000       0.917461250000000      -0.155365081126170     
   6.71538250000000        1.22261500000000      -0.153826206931456     
   6.71538250000000        1.52776875000000      -0.152518028160163     
   6.71538250000000        1.83292250000000      -0.151059722327981     
   6.71538250000000        2.13807625000000      -0.149509956430092     
   6.71538250000000        2.44323000000000      -0.147877826746988     
   6.71538250000000        2.74838375000000      -0.146214965861348     
   6.71538250000000        3.05353750000000      -0.144512152716635     
   6.71538250000000        3.35869125000000      -0.142726726429804     
   6.71538250000000        3.66384500000000      -0.139974657492896     
   6.71538250000000        3.96899875000000      -0.135799638786370     
   6.71538250000000        4.27415250000000      -0.131001868666546     
   6.71538250000000        4.57930625000000      -0.126232598680646     
   6.71538250000000        4.88446000000000      -0.122142674800207     
   6.71538250000000        5.18961375000000      -0.118763205957840     
   6.71538250000000        5.49476750000000      -0.116136459376671     
   6.71538250000000        5.79992125000000      -0.114464866458028     
   6.71538250000000        6.10507500000000      -0.113529442918554     
   6.71538250000000        6.41022875000000      -0.112845650509914     
   6.71538250000000        6.71538250000000      -0.111895343294647     
   6.71538250000000        7.02053625000000      -0.110723247817348     
   6.71538250000000        7.32569000000000      -0.109256901684048     
   7.02053625000000       2.000000000000000E-003 -0.157222876112857     
   7.02053625000000       0.307153750000000      -0.153920971562846     
   7.02053625000000       0.612307500000000      -0.146127459573152     
   7.02053625000000       0.917461250000000      -0.145367715395642     
   7.02053625000000        1.22261500000000      -0.145582106416999     
   7.02053625000000        1.52776875000000      -0.144973564760446     
   7.02053625000000        1.83292250000000      -0.143691945034389     
   7.02053625000000        2.13807625000000      -0.142228489121117     
   7.02053625000000        2.44323000000000      -0.140804886897942     
   7.02053625000000        2.74838375000000      -0.139375519023569     
   7.02053625000000        3.05353750000000      -0.138264790589984     
   7.02053625000000        3.35869125000000      -0.137984543648560     
   7.02053625000000        3.66384500000000      -0.136711689156587     
   7.02053625000000        3.96899875000000      -0.132834433296894     
   7.02053625000000        4.27415250000000      -0.128378691834522     
   7.02053625000000        4.57930625000000      -0.123366648749960     
   7.02053625000000        4.88446000000000      -0.118903433202890     
   7.02053625000000        5.18961375000000      -0.115487671072912     
   7.02053625000000        5.49476750000000      -0.112983158147322     
   7.02053625000000        5.79992125000000      -0.111698480432281     
   7.02053625000000        6.10507500000000      -0.111332173590396     
   7.02053625000000        6.41022875000000      -0.111364987268988     
   7.02053625000000        6.71538250000000      -0.110954816535067     
   7.02053625000000        7.02053625000000      -0.109927083140990     
   7.02053625000000        7.32569000000000      -0.109196582347889     
   7.32569000000000       2.000000000000000E-003 -0.148984713657757     
   7.32569000000000       0.307153750000000      -0.141303301582314     
   7.32569000000000       0.612307500000000      -0.134771328876012     
   7.32569000000000       0.917461250000000      -0.136570633921445     
   7.32569000000000        1.22261500000000      -0.138133077635523     
   7.32569000000000        1.52776875000000      -0.138209024789753     
   7.32569000000000        1.83292250000000      -0.137259110625974     
   7.32569000000000        2.13807625000000      -0.135934167960291     
   7.32569000000000        2.44323000000000      -0.134561553496295     
   7.32569000000000        2.74838375000000      -0.133159866886093     
   7.32569000000000        3.05353750000000      -0.132263254822057     
   7.32569000000000        3.35869125000000      -0.132945384078270     
   7.32569000000000        3.66384500000000      -0.133731441397354     
   7.32569000000000        3.96899875000000      -0.130564765958064     
   7.32569000000000        4.27415250000000      -0.126563938445242     
   7.32569000000000        4.57930625000000      -0.121104699466485     
   7.32569000000000        4.88446000000000      -0.116212941942730     
   7.32569000000000        5.18961375000000      -0.112666292954857     
   7.32569000000000        5.49476750000000      -0.110253246488940     
   7.32569000000000        5.79992125000000      -0.109183509635280     
   7.32569000000000        6.10507500000000      -0.109181668170951     
   7.32569000000000        6.41022875000000      -0.109857121834420     
   7.32569000000000        6.71538250000000      -0.110524159273995     
   7.32569000000000        7.02053625000000      -0.109876781237776     
   7.32569000000000        7.32569000000000      -0.107279597550690     
