  2.000000000000000E-003  2.000000000000000E-003 -0.174096691273131     
  2.000000000000000E-003  0.307153750000000      -0.179613554121737     
  2.000000000000000E-003  0.612307500000000      -0.182958956882644     
  2.000000000000000E-003  0.917461250000000      -0.185499561769601     
  2.000000000000000E-003   1.22261500000000      -0.188011060432258     
  2.000000000000000E-003   1.52776875000000      -0.191116265279809     
  2.000000000000000E-003   1.83292250000000      -0.195333814205374     
  2.000000000000000E-003   2.13807625000000      -0.201259293650954     
  2.000000000000000E-003   2.44323000000000      -0.209110864666781     
  2.000000000000000E-003   2.74838375000000      -0.218948414823016     
  2.000000000000000E-003   3.05353750000000      -0.228303510415464     
  2.000000000000000E-003   3.35869125000000      -0.231977914740814     
  2.000000000000000E-003   3.66384500000000      -0.231136200764446     
  2.000000000000000E-003   3.96899875000000      -0.231975932479170     
  2.000000000000000E-003   4.27415250000000      -0.228300090667821     
  2.000000000000000E-003   4.57930625000000      -0.218944664822914     
  2.000000000000000E-003   4.88446000000000      -0.209107383793676     
  2.000000000000000E-003   5.18961375000000      -0.201256186345548     
  2.000000000000000E-003   5.49476750000000      -0.195330842357886     
  2.000000000000000E-003   5.79992125000000      -0.191113106064664     
  2.000000000000000E-003   6.10507500000000      -0.188006612475010     
  2.000000000000000E-003   6.41022875000000      -0.185491393872965     
  2.000000000000000E-003   6.71538250000000      -0.182944647791128     
  2.000000000000000E-003   7.02053625000000      -0.179599825887241     
  2.000000000000000E-003   7.32569000000000      -0.174093713705235     
  0.307153750000000       2.000000000000000E-003 -0.179613052589936     
  0.307153750000000       0.307153750000000      -0.183775124348429     
  0.307153750000000       0.612307500000000      -0.189342920564204     
  0.307153750000000       0.917461250000000      -0.194339785906028     
  0.307153750000000        1.22261500000000      -0.198358330961046     
  0.307153750000000        1.52776875000000      -0.202537582679033     
  0.307153750000000        1.83292250000000      -0.207650129240965     
  0.307153750000000        2.13807625000000      -0.214233834687843     
  0.307153750000000        2.44323000000000      -0.222066799514985     
  0.307153750000000        2.74838375000000      -0.230625403531753     
  0.307153750000000        3.05353750000000      -0.237073505375088     
  0.307153750000000        3.35869125000000      -0.237519478992530     
  0.307153750000000        3.66384500000000      -0.235121843500530     
  0.307153750000000        3.96899875000000      -0.237534931859435     
  0.307153750000000        4.27415250000000      -0.237086957078771     
  0.307153750000000        4.57930625000000      -0.230633000411529     
  0.307153750000000        4.88446000000000      -0.222070238257937     
  0.307153750000000        5.18961375000000      -0.214235491393969     
  0.307153750000000        5.49476750000000      -0.207651733171891     
  0.307153750000000        5.79992125000000      -0.202540868409693     
  0.307153750000000        6.10507500000000      -0.198365769702499     
  0.307153750000000        6.41022875000000      -0.194355594846373     
  0.307153750000000        6.71538250000000      -0.189373443717148     
  0.307153750000000        7.02053625000000      -0.183813945370256     
  0.307153750000000        7.32569000000000      -0.179599418799592     
  0.612307500000000       2.000000000000000E-003 -0.182958165614215     
  0.612307500000000       0.307153750000000      -0.189342188562037     
  0.612307500000000       0.612307500000000      -0.196494442447666     
  0.612307500000000       0.917461250000000      -0.203172925188521     
  0.612307500000000        1.22261500000000      -0.208954993262391     
  0.612307500000000        1.52776875000000      -0.214703442884830     
  0.612307500000000        1.83292250000000      -0.221134803485828     
  0.612307500000000        2.13807625000000      -0.228578460888614     
  0.612307500000000        2.44323000000000      -0.236481658292678     
  0.612307500000000        2.74838375000000      -0.243903420248527     
  0.612307500000000        3.05353750000000      -0.248404656967463     
  0.612307500000000        3.35869125000000      -0.248078813717416     
  0.612307500000000        3.66384500000000      -0.246469473829346     
  0.612307500000000        3.96899875000000      -0.248093904148476     
  0.612307500000000        4.27415250000000      -0.248421825982306     
  0.612307500000000        4.57930625000000      -0.243915733350287     
  0.612307500000000        4.88446000000000      -0.236489011769125     
  0.612307500000000        5.18961375000000      -0.228583510853825     
  0.612307500000000        5.49476750000000      -0.221139641962448     
  0.612307500000000        5.79992125000000      -0.214710638636320     
  0.612307500000000        6.10507500000000      -0.208968218942085     
  0.612307500000000        6.41022875000000      -0.203196869318017     
  0.612307500000000        6.71538250000000      -0.196530581963572     
  0.612307500000000        7.02053625000000      -0.189373172154007     
  0.612307500000000        7.32569000000000      -0.182944159745162     
  0.917461250000000       2.000000000000000E-003 -0.185498691923352     
  0.917461250000000       0.307153750000000      -0.194338954857572     
  0.917461250000000       0.612307500000000      -0.203172534181247     
  0.917461250000000       0.917461250000000      -0.211596776873675     
  0.917461250000000        1.22261500000000      -0.219526427412449     
  0.917461250000000        1.52776875000000      -0.227408320506691     
  0.917461250000000        1.83292250000000      -0.235752534358028     
  0.917461250000000        2.13807625000000      -0.244681301227640     
  0.917461250000000        2.44323000000000      -0.253563627403112     
  0.917461250000000        2.74838375000000      -0.261480332890432     
  0.917461250000000        3.05353750000000      -0.266993836926900     
  0.917461250000000        3.35869125000000      -0.269155599723317     
  0.917461250000000        3.66384500000000      -0.269388289448310     
  0.917461250000000        3.96899875000000      -0.269165533980341     
  0.917461250000000        4.27415250000000      -0.267007014123866     
  0.917461250000000        4.57930625000000      -0.261491293223592     
  0.917461250000000        4.88446000000000      -0.253571701807198     
  0.917461250000000        5.18961375000000      -0.244687718060377     
  0.917461250000000        5.49476750000000      -0.235758683121021     
  0.917461250000000        5.79992125000000      -0.227416251992714     
  0.917461250000000        6.10507500000000      -0.219539045905584     
  0.917461250000000        6.41022875000000      -0.211616292263979     
  0.917461250000000        6.71538250000000      -0.203196760720213     
  0.917461250000000        7.02053625000000      -0.194355321737685     
  0.917461250000000        7.32569000000000      -0.185491040524367     
   1.22261500000000       2.000000000000000E-003 -0.188010270485546     
   1.22261500000000       0.307153750000000      -0.198357627540620     
   1.22261500000000       0.612307500000000      -0.208954557587539     
   1.22261500000000       0.917461250000000      -0.219526266821003     
   1.22261500000000        1.22261500000000      -0.229969633356833     
   1.22261500000000        1.52776875000000      -0.240451348606956     
   1.22261500000000        1.83292250000000      -0.251273101371358     
   1.22261500000000        2.13807625000000      -0.262329275868946     
   1.22261500000000        2.44323000000000      -0.272986962740949     
   1.22261500000000        2.74838375000000      -0.282445225090136     
   1.22261500000000        3.05353750000000      -0.289772001620917     
   1.22261500000000        3.35869125000000      -0.294227027616715     
   1.22261500000000        3.66384500000000      -0.295664743608412     
   1.22261500000000        3.96899875000000      -0.294232520480512     
   1.22261500000000        4.27415250000000      -0.289779984515459     
   1.22261500000000        4.57930625000000      -0.282453154574412     
   1.22261500000000        4.88446000000000      -0.272993941099891     
   1.22261500000000        5.18961375000000      -0.262335411144210     
   1.22261500000000        5.49476750000000      -0.251279088584642     
   1.22261500000000        5.79992125000000      -0.240458311730022     
   1.22261500000000        6.10507500000000      -0.229979158029306     
   1.22261500000000        6.41022875000000      -0.219538997948654     
   1.22261500000000        6.71538250000000      -0.208968094611423     
   1.22261500000000        7.02053625000000      -0.198365563320333     
   1.22261500000000        7.32569000000000      -0.188006376255908     
   1.52776875000000       2.000000000000000E-003 -0.191115683751625     
   1.52776875000000       0.307153750000000      -0.202537105192854     
   1.52776875000000       0.612307500000000      -0.214703128391496     
   1.52776875000000       0.917461250000000      -0.227408164078217     
   1.52776875000000        1.22261500000000      -0.240451294148554     
   1.52776875000000        1.52776875000000      -0.253776731347139     
   1.52776875000000        1.83292250000000      -0.267375902281218     
   1.52776875000000        2.13807625000000      -0.280851447706497     
   1.52776875000000        2.44323000000000      -0.293641760905904     
   1.52776875000000        2.74838375000000      -0.305006990110913     
   1.52776875000000        3.05353750000000      -0.314044083529031     
   1.52776875000000        3.35869125000000      -0.319869340630220     
   1.52776875000000        3.66384500000000      -0.321879249088955     
   1.52776875000000        3.96899875000000      -0.319872171530291     
   1.52776875000000        4.27415250000000      -0.314048690973983     
   1.52776875000000        4.57930625000000      -0.305012169431956     
   1.52776875000000        4.88446000000000      -0.293646841869812     
   1.52776875000000        5.18961375000000      -0.280856373254589     
   1.52776875000000        5.49476750000000      -0.267381012852506     
   1.52776875000000        5.79992125000000      -0.253782578632992     
   1.52776875000000        6.10507500000000      -0.240458295184409     
   1.52776875000000        6.41022875000000      -0.227416199925782     
   1.52776875000000        6.71538250000000      -0.214710533175624     
   1.52776875000000        7.02053625000000      -0.202540719365519     
   1.52776875000000        7.32569000000000      -0.191112946964571     
   1.83292250000000       2.000000000000000E-003 -0.195333549255997     
   1.83292250000000       0.307153750000000      -0.207649937447622     
   1.83292250000000       0.612307500000000      -0.221134678363887     
   1.83292250000000       0.917461250000000      -0.235752451737658     
   1.83292250000000        1.22261500000000      -0.251273039198884     
   1.83292250000000        1.52776875000000      -0.267375861063425     
   1.83292250000000        1.83292250000000      -0.283603583531554     
   1.83292250000000        2.13807625000000      -0.299439075851270     
   1.83292250000000        2.44323000000000      -0.314314735929741     
   1.83292250000000        2.74838375000000      -0.327505692430364     
   1.83292250000000        3.05353750000000      -0.338061488457316     
   1.83292250000000        3.35869125000000      -0.344942292347300     
   1.83292250000000        3.66384500000000      -0.347337117151440     
   1.83292250000000        3.96899875000000      -0.344943623705119     
   1.83292250000000        4.27415250000000      -0.338063772251712     
   1.83292250000000        4.57930625000000      -0.327508465600720     
   1.83292250000000        4.88446000000000      -0.314317797817321     
   1.83292250000000        5.18961375000000      -0.299442528498132     
   1.83292250000000        5.49476750000000      -0.283607759729141     
   1.83292250000000        5.79992125000000      -0.267380988972206     
   1.83292250000000        6.10507500000000      -0.251279057763754     
   1.83292250000000        6.41022875000000      -0.235758633732223     
   1.83292250000000        6.71538250000000      -0.221139563500364     
   1.83292250000000        7.02053625000000      -0.207651641359005     
   1.83292250000000        7.32569000000000      -0.195330757883621     
   2.13807625000000       2.000000000000000E-003 -0.201259414800903     
   2.13807625000000       0.307153750000000      -0.214233958841210     
   2.13807625000000       0.612307500000000      -0.228578537665460     
   2.13807625000000       0.917461250000000      -0.244681304925539     
   2.13807625000000        1.22261500000000      -0.262329214518804     
   2.13807625000000        1.52776875000000      -0.280851357420408     
   2.13807625000000        1.83292250000000      -0.299439006682064     
   2.13807625000000        2.13807625000000      -0.317375456460581     
   2.13807625000000        2.44323000000000      -0.334038254264115     
   2.13807625000000        2.74838375000000      -0.348714950671142     
   2.13807625000000        3.05353750000000      -0.360438535383637     
   2.13807625000000        3.35869125000000      -0.368082602380738     
   2.13807625000000        3.66384500000000      -0.370742732593978     
   2.13807625000000        3.96899875000000      -0.368082916887377     
   2.13807625000000        4.27415250000000      -0.360439130093505     
   2.13807625000000        4.57930625000000      -0.348715808123187     
   2.13807625000000        4.88446000000000      -0.334039583316086     
   2.13807625000000        5.18961375000000      -0.317377657892211     
   2.13807625000000        5.49476750000000      -0.299442492054176     
   2.13807625000000        5.79992125000000      -0.280856305905329     
   2.13807625000000        6.10507500000000      -0.262335346922422     
   2.13807625000000        6.41022875000000      -0.244687664477469     
   2.13807625000000        6.71538250000000      -0.228583449746892     
   2.13807625000000        7.02053625000000      -0.214235449041230     
   2.13807625000000        7.32569000000000      -0.201256205246989     
   2.44323000000000       2.000000000000000E-003 -0.209111396651153     
   2.44323000000000       0.307153750000000      -0.222067255879293     
   2.44323000000000       0.612307500000000      -0.236481941927695     
   2.44323000000000       0.917461250000000      -0.253563714433183     
   2.44323000000000        1.22261500000000      -0.272986892600058     
   2.44323000000000        1.52776875000000      -0.293641604896868     
   2.44323000000000        1.83292250000000      -0.314314572726840     
   2.44323000000000        2.13807625000000      -0.334038151117467     
   2.44323000000000        2.44323000000000      -0.352103063391778     
   2.44323000000000        2.74838375000000      -0.367823000911604     
   2.44323000000000        3.05353750000000      -0.380286845004313     
   2.44323000000000        3.35869125000000      -0.388383032779773     
   2.44323000000000        3.66384500000000      -0.391194737739289     
   2.44323000000000        3.96899875000000      -0.388382731497430     
   2.44323000000000        4.27415250000000      -0.380286353096118     
   2.44323000000000        4.57930625000000      -0.367822596170690     
   2.44323000000000        4.88446000000000      -0.352103259971980     
   2.44323000000000        5.18961375000000      -0.334039524952594     
   2.44323000000000        5.49476750000000      -0.314317721420079     
   2.44323000000000        5.79992125000000      -0.293646745149442     
   2.44323000000000        6.10507500000000      -0.272993847072598     
   2.44323000000000        6.41022875000000      -0.253571623009516     
   2.44323000000000        6.71538250000000      -0.236488939773801     
   2.44323000000000        7.02053625000000      -0.222070213662559     
   2.44323000000000        7.32569000000000      -0.209107512165916     
   2.74838375000000       2.000000000000000E-003 -0.218949410331433     
   2.74838375000000       0.307153750000000      -0.230626218285356     
   2.74838375000000       0.612307500000000      -0.243903915195721     
   2.74838375000000       0.917461250000000      -0.261480484189116     
   2.74838375000000        1.22261500000000      -0.282445120671305     
   2.74838375000000        1.52776875000000      -0.305006747624457     
   2.74838375000000        1.83292250000000      -0.327505418846077     
   2.74838375000000        2.13807625000000      -0.348714729785484     
   2.74838375000000        2.44323000000000      -0.367822883074572     
   2.74838375000000        2.74838375000000      -0.384177608832003     
   2.74838375000000        3.05353750000000      -0.397002544549875     
   2.74838375000000        3.35869125000000      -0.405310221899706     
   2.74838375000000        3.66384500000000      -0.408200100059322     
   2.74838375000000        3.96899875000000      -0.405309620403227     
   2.74838375000000        4.27415250000000      -0.397001565429919     
   2.74838375000000        4.57930625000000      -0.384176645189347     
   2.74838375000000        4.88446000000000      -0.367822527953498     
   2.74838375000000        5.18961375000000      -0.348715684767313     
   2.74838375000000        5.49476750000000      -0.327508335740071     
   2.74838375000000        5.79992125000000      -0.305012044103373     
   2.74838375000000        6.10507500000000      -0.282453043739921     
   2.74838375000000        6.41022875000000      -0.261491174632744     
   2.74838375000000        6.71538250000000      -0.243915628041550     
   2.74838375000000        7.02053625000000      -0.230632985443779     
   2.74838375000000        7.32569000000000      -0.218944981223785     
   3.05353750000000       2.000000000000000E-003 -0.228304921357227     
   3.05353750000000       0.307153750000000      -0.237074605255339     
   3.05353750000000       0.612307500000000      -0.248405273276681     
   3.05353750000000       0.917461250000000      -0.266993977071630     
   3.05353750000000        1.22261500000000      -0.289771812855259     
   3.05353750000000        1.52776875000000      -0.314043730674046     
   3.05353750000000        1.83292250000000      -0.338061098412175     
   3.05353750000000        2.13807625000000      -0.360438201038394     
   3.05353750000000        2.44323000000000      -0.380286619208018     
   3.05353750000000        2.74838375000000      -0.397002440113003     
   3.05353750000000        3.05353750000000      -0.409996375973210     
   3.05353750000000        3.35869125000000      -0.418454875638402     
   3.05353750000000        3.66384500000000      -0.421428916378213     
   3.05353750000000        3.96899875000000      -0.418454310646574     
   3.05353750000000        4.27415250000000      -0.409995456747321     
   3.05353750000000        4.57930625000000      -0.397001497950026     
   3.05353750000000        4.88446000000000      -0.380286210836050     
   3.05353750000000        5.18961375000000      -0.360438975788351     
   3.05353750000000        5.49476750000000      -0.338063615600147     
   3.05353750000000        5.79992125000000      -0.314048567197806     
   3.05353750000000        6.10507500000000      -0.289779894417226     
   3.05353750000000        6.41022875000000      -0.267006949847306     
   3.05353750000000        6.71538250000000      -0.248421825455722     
   3.05353750000000        7.02053625000000      -0.237087056754711     
   3.05353750000000        7.32569000000000      -0.228300683125295     
   3.35869125000000       2.000000000000000E-003 -0.231979380070606     
   3.35869125000000       0.307153750000000      -0.237520542450672     
   3.35869125000000       0.612307500000000      -0.248079303607775     
   3.35869125000000       0.917461250000000      -0.269155577294795     
   3.35869125000000        1.22261500000000      -0.294226680699669     
   3.35869125000000        1.52776875000000      -0.319868856566468     
   3.35869125000000        1.83292250000000      -0.344941792270364     
   3.35869125000000        2.13807625000000      -0.368082174658741     
   3.35869125000000        2.44323000000000      -0.388382725205051     
   3.35869125000000        2.74838375000000      -0.405310041784389     
   3.35869125000000        3.05353750000000      -0.418454801640667     
   3.35869125000000        3.35869125000000      -0.427142294662716     
   3.35869125000000        3.66384500000000      -0.430263114128919     
   3.35869125000000        3.96899875000000      -0.427141971148588     
   3.35869125000000        4.27415250000000      -0.418454230294222     
   3.35869125000000        4.57930625000000      -0.405309538186258     
   3.35869125000000        4.88446000000000      -0.388382539036864     
   3.35869125000000        5.18961375000000      -0.368082748565791     
   3.35869125000000        5.49476750000000      -0.344943498117597     
   3.35869125000000        5.79992125000000      -0.319872069172776     
   3.35869125000000        6.10507500000000      -0.294232436680440     
   3.35869125000000        6.41022875000000      -0.269165593680808     
   3.35869125000000        6.71538250000000      -0.248094085787063     
   3.35869125000000        7.02053625000000      -0.237535163980977     
   3.35869125000000        7.32569000000000      -0.231976931341699     
   3.66384500000000       2.000000000000000E-003 -0.231137459990361     
   3.66384500000000       0.307153750000000      -0.235122442121498     
   3.66384500000000       0.612307500000000      -0.246469516550861     
   3.66384500000000       0.917461250000000      -0.269387943812220     
   3.66384500000000        1.22261500000000      -0.295664184713364     
   3.66384500000000        1.52776875000000      -0.321878633148957     
   3.66384500000000        1.83292250000000      -0.347336530486097     
   3.66384500000000        2.13807625000000      -0.370742244351936     
   3.66384500000000        2.44323000000000      -0.391194382497005     
   3.66384500000000        2.74838375000000      -0.408199876026919     
   3.66384500000000        3.05353750000000      -0.421428797375783     
   3.66384500000000        3.35869125000000      -0.430263067188337     
   3.66384500000000        3.66384500000000      -0.433482450743219     
   3.66384500000000        3.96899875000000      -0.430263030120884     
   3.66384500000000        4.27415250000000      -0.421428794773058     
   3.66384500000000        4.57930625000000      -0.408199943480596     
   3.66384500000000        4.88446000000000      -0.391194531848239     
   3.66384500000000        5.18961375000000      -0.370742579989558     
   3.66384500000000        5.49476750000000      -0.347336971016539     
   3.66384500000000        5.79992125000000      -0.321879200149694     
   3.66384500000000        6.10507500000000      -0.295664697811938     
   3.66384500000000        6.41022875000000      -0.269388356171231     
   3.66384500000000        6.71538250000000      -0.246469579573930     
   3.66384500000000        7.02053625000000      -0.235121906524482     
   3.66384500000000        7.32569000000000      -0.231137462975089     
   3.96899875000000       2.000000000000000E-003 -0.231976338489719     
   3.96899875000000       0.307153750000000      -0.237534765090497     
   3.96899875000000       0.612307500000000      -0.248093372524749     
   3.96899875000000       0.917461250000000      -0.269164823733405     
   3.96899875000000        1.22261500000000      -0.294231768952405     
   3.96899875000000        1.52776875000000      -0.319871459851016     
   3.96899875000000        1.83292250000000      -0.344942993595568     
   3.96899875000000        2.13807625000000      -0.368082410579466     
   3.96899875000000        2.44323000000000      -0.388382364569018     
   3.96899875000000        2.74838375000000      -0.405309379597720     
   3.96899875000000        3.05353750000000      -0.418454165870813     
   3.96899875000000        3.35869125000000      -0.427141891312455     
   3.96899875000000        3.66384500000000      -0.430262994333510     
   3.96899875000000        3.96899875000000      -0.427142203895738     
   3.96899875000000        4.27415250000000      -0.418454730025722     
   3.96899875000000        4.57930625000000      -0.405310072586016     
   3.96899875000000        4.88446000000000      -0.388382853652038     
   3.96899875000000        5.18961375000000      -0.368082483062508     
   3.96899875000000        5.49476750000000      -0.344942221311774     
   3.96899875000000        5.79992125000000      -0.319869304752753     
   3.96899875000000        6.10507500000000      -0.294226968159314     
   3.96899875000000        6.41022875000000      -0.269155553255514     
   3.96899875000000        6.71538250000000      -0.248078632424871     
   3.96899875000000        7.02053625000000      -0.237519223560180     
   3.96899875000000        7.32569000000000      -0.231978413480183     
   4.27415250000000       2.000000000000000E-003 -0.228299680428856     
   4.27415250000000       0.307153750000000      -0.237086155954825     
   4.27415250000000       0.612307500000000      -0.248420861972137     
   4.27415250000000       0.917461250000000      -0.267006060929492     
   4.27415250000000        1.22261500000000      -0.289779138600117     
   4.27415250000000        1.52776875000000      -0.314047952361582     
   4.27415250000000        1.83292250000000      -0.338063156104638     
   4.27415250000000        2.13807625000000      -0.360438652230336     
   4.27415250000000        2.44323000000000      -0.380286008002250     
   4.27415250000000        2.74838375000000      -0.397001327846808     
   4.27415250000000        3.05353750000000      -0.409995294931083     
   4.27415250000000        3.35869125000000      -0.418454119464308     
   4.27415250000000        3.66384500000000      -0.421428722827230     
   4.27415250000000        3.96899875000000      -0.418454694281275     
   4.27415250000000        4.27415250000000      -0.409996274889436     
   4.27415250000000        4.57930625000000      -0.397002406715714     
   4.27415250000000        4.88446000000000      -0.380286796260862     
   4.27415250000000        5.18961375000000      -0.360438478458386     
   4.27415250000000        5.49476750000000      -0.338061479602802     
   4.27415250000000        5.79992125000000      -0.314044091065142     
   4.27415250000000        6.10507500000000      -0.289771971360138     
   4.27415250000000        6.41022875000000      -0.266993692156045     
   4.27415250000000        6.71538250000000      -0.248404377020760     
   4.27415250000000        7.02053625000000      -0.237073245553913     
   4.27415250000000        7.32569000000000      -0.228303833513421     
   4.57930625000000       2.000000000000000E-003 -0.218943750339652     
   4.57930625000000       0.307153750000000      -0.230631878460877     
   4.57930625000000       0.612307500000000      -0.243914607205898     
   4.57930625000000       0.917461250000000      -0.261490308102488     
   4.57930625000000        1.22261500000000      -0.282452324636151     
   4.57930625000000        1.52776875000000      -0.305011481028652     
   4.57930625000000        1.83292250000000      -0.327507921176462     
   4.57930625000000        2.13807625000000      -0.348715400496856     
   4.57930625000000        2.44323000000000      -0.367822299633291     
   4.57930625000000        2.74838375000000      -0.384176423819310     
   4.57930625000000        3.05353750000000      -0.397001321355324     
   4.57930625000000        3.35869125000000      -0.405309392528626     
   4.57930625000000        3.66384500000000      -0.408199830545316     
   4.57930625000000        3.96899875000000      -0.405309999419656     
   4.57930625000000        4.27415250000000      -0.397002374668568     
   4.57930625000000        4.57930625000000      -0.384177599623304     
   4.57930625000000        4.88446000000000      -0.367823021204625     
   4.57930625000000        5.18961375000000      -0.348714969836946     
   4.57930625000000        5.49476750000000      -0.327505759195596     
   4.57930625000000        5.79992125000000      -0.305007036928751     
   4.57930625000000        6.10507500000000      -0.282445224688252     
   4.57930625000000        6.41022875000000      -0.261480216257651     
   4.57930625000000        6.71538250000000      -0.243903205367046     
   4.57930625000000        7.02053625000000      -0.230625253929045     
   4.57930625000000        7.32569000000000      -0.218948607346947     
   4.88446000000000       2.000000000000000E-003 -0.209106330075375     
   4.88446000000000       0.307153750000000      -0.222069122258418     
   4.88446000000000       0.612307500000000      -0.236487979529765     
   4.88446000000000       0.917461250000000      -0.253570811801246     
   4.88446000000000        1.22261500000000      -0.272993206389283     
   4.88446000000000        1.52776875000000      -0.293646264035551     
   4.88446000000000        1.83292250000000      -0.314317367836683     
   4.88446000000000        2.13807625000000      -0.334039274004979     
   4.88446000000000        2.44323000000000      -0.352103028286602     
   4.88446000000000        2.74838375000000      -0.367822330040910     
   4.88446000000000        3.05353750000000      -0.380286020395351     
   4.88446000000000        3.35869125000000      -0.388382356096107     
   4.88446000000000        3.66384500000000      -0.391194375477165     
   4.88446000000000        3.96899875000000      -0.388382744320463     
   4.88446000000000        4.27415250000000      -0.380286740253516     
   4.88446000000000        4.57930625000000      -0.367823005788229     
   4.88446000000000        4.88446000000000      -0.352103242568005     
   4.88446000000000        5.18961375000000      -0.334038415464871     
   4.88446000000000        5.49476750000000      -0.314314896828265     
   4.88446000000000        5.79992125000000      -0.293641868554666     
   4.88446000000000        6.10507500000000      -0.272986986148245     
   4.88446000000000        6.41022875000000      -0.253563592486097     
   4.88446000000000        6.71538250000000      -0.236481562605621     
   4.88446000000000        7.02053625000000      -0.222066738333652     
   4.88446000000000        7.32569000000000      -0.209110980584112     
   5.18961375000000       2.000000000000000E-003 -0.201255163107482     
   5.18961375000000       0.307153750000000      -0.214234476493732     
   5.18961375000000       0.612307500000000      -0.228582594976740     
   5.18961375000000       0.917461250000000      -0.244686952178523     
   5.18961375000000        1.22261500000000      -0.262334812186099     
   5.18961375000000        1.52776875000000      -0.280855936987463     
   5.18961375000000        1.83292250000000      -0.299442231476239     
   5.18961375000000        2.13807625000000      -0.317377456200959     
   5.18961375000000        2.44323000000000      -0.334039362534114     
   5.18961375000000        2.74838375000000      -0.348715513055906     
   5.18961375000000        3.05353750000000      -0.360438774033631     
   5.18961375000000        3.35869125000000      -0.368082530920423     
   5.18961375000000        3.66384500000000      -0.370742383362387     
   5.18961375000000        3.96899875000000      -0.368082343157001     
   5.18961375000000        4.27415250000000      -0.360438409088245     
   5.18961375000000        4.57930625000000      -0.348714956951146     
   5.18961375000000        4.88446000000000      -0.334038426658150     
   5.18961375000000        5.18961375000000      -0.317375713055537     
   5.18961375000000        5.49476750000000      -0.299439316319131     
   5.18961375000000        5.79992125000000      -0.280851606521208     
   5.18961375000000        6.10507500000000      -0.262329356855335     
   5.18961375000000        6.41022875000000      -0.244681287972529     
   5.18961375000000        6.71538250000000      -0.228578389948188     
   5.18961375000000        7.02053625000000      -0.214233777215399     
   5.18961375000000        7.32569000000000      -0.201259349749128     
   5.49476750000000       2.000000000000000E-003 -0.195329815388968     
   5.49476750000000       0.307153750000000      -0.207650757689095     
   5.49476750000000       0.612307500000000      -0.221138810858849     
   5.49476750000000       0.917461250000000      -0.235758042996872     
   5.49476750000000        1.22261500000000      -0.251278635650650     
   5.49476750000000        1.52776875000000      -0.267380721730637     
   5.49476750000000        1.83292250000000      -0.283607590718546     
   5.49476750000000        2.13807625000000      -0.299442389306389     
   5.49476750000000        2.44323000000000      -0.314317621484915     
   5.49476750000000        2.74838375000000      -0.327508188586022     
   5.49476750000000        3.05353750000000      -0.338063406008509     
   5.49476750000000        3.35869125000000      -0.344943252254473     
   5.49476750000000        3.66384500000000      -0.347336741793792     
   5.49476750000000        3.96899875000000      -0.344942059680427     
   5.49476750000000        4.27415250000000      -0.338061408327822     
   5.49476750000000        4.57930625000000      -0.327505764594703     
   5.49476750000000        4.88446000000000      -0.314314940769303     
   5.49476750000000        5.18961375000000      -0.299439356002484     
   5.49476750000000        5.49476750000000      -0.283603890980853     
   5.49476750000000        5.79992125000000      -0.267376108970613     
   5.49476750000000        6.10507500000000      -0.251273212672414     
   5.49476750000000        6.41022875000000      -0.235752512862971     
   5.49476750000000        6.71538250000000      -0.221134675801660     
   5.49476750000000        7.02053625000000      -0.207649993556470     
   5.49476750000000        7.32569000000000      -0.195333780217908     
   5.79992125000000       2.000000000000000E-003 -0.191112139384614     
   5.79992125000000       0.307153750000000      -0.202539973909574     
   5.79992125000000       0.612307500000000      -0.214709907191125     
   5.79992125000000       0.917461250000000      -0.227415734932158     
   5.79992125000000        1.22261500000000      -0.240458005940350     
   5.79992125000000        1.52776875000000      -0.253782423852103     
   5.79992125000000        1.83292250000000      -0.267380929549818     
   5.79992125000000        2.13807625000000      -0.280856281530072     
   5.79992125000000        2.44323000000000      -0.293646692192914     
   5.79992125000000        2.74838375000000      -0.305011914699211     
   5.79992125000000        3.05353750000000      -0.314048350780974     
   5.79992125000000        3.35869125000000      -0.319871800037513     
   5.79992125000000        3.66384500000000      -0.321878944462344     
   5.79992125000000        3.96899875000000      -0.319869129800708     
   5.79992125000000        4.27415250000000      -0.314044030034307     
   5.79992125000000        4.57930625000000      -0.305007075750518     
   5.79992125000000        4.88446000000000      -0.293641962990330     
   5.79992125000000        5.18961375000000      -0.280851708244453     
   5.79992125000000        5.49476750000000      -0.267376178968879     
   5.79992125000000        5.79992125000000      -0.253776988419926     
   5.79992125000000        6.10507500000000      -0.240451452785321     
   5.79992125000000        6.41022875000000      -0.227408253564616     
   5.79992125000000        6.71538250000000      -0.214703233430910     
   5.79992125000000        7.02053625000000      -0.202537342841373     
   5.79992125000000        7.32569000000000      -0.191116131163317     
   6.10507500000000       2.000000000000000E-003 -0.188005773482591     
   6.10507500000000       0.307153750000000      -0.198365038037443     
   6.10507500000000       0.612307500000000      -0.208967658626412     
   6.10507500000000       0.917461250000000      -0.219538680585075     
   6.10507500000000        1.22261500000000      -0.229978994708965     
   6.10507500000000        1.52776875000000      -0.240458278257058     
   6.10507500000000        1.83292250000000      -0.251279090108372     
   6.10507500000000        2.13807625000000      -0.262335376774419     
   6.10507500000000        2.44323000000000      -0.272993820337125     
   6.10507500000000        2.74838375000000      -0.282452919539823     
   6.10507500000000        3.05353750000000      -0.289779665945490     
   6.10507500000000        3.35869125000000      -0.294232138475890     
   6.10507500000000        3.66384500000000      -0.295664403378178     
   6.10507500000000        3.96899875000000      -0.294226777360311     
   6.10507500000000        4.27415250000000      -0.289771933800795     
   6.10507500000000        4.57930625000000      -0.282445316395043     
   6.10507500000000        4.88446000000000      -0.272987149758214     
   6.10507500000000        5.18961375000000      -0.262329541503425     
   6.10507500000000        5.49476750000000      -0.251273386921024     
   6.10507500000000        5.79992125000000      -0.240451586024433     
   6.10507500000000        6.10507500000000      -0.229969786204519     
   6.10507500000000        6.41022875000000      -0.219526402436878     
   6.10507500000000        6.71538250000000      -0.208954768645066     
   6.10507500000000        7.02053625000000      -0.198357982508530     
   6.10507500000000        7.32569000000000      -0.188010813999039     
   6.41022875000000       2.000000000000000E-003 -0.185490757726329     
   6.41022875000000       0.307153750000000      -0.194355162539530     
   6.41022875000000       0.612307500000000      -0.203196589315785     
   6.41022875000000       0.917461250000000      -0.211616130855063     
   6.41022875000000        1.22261500000000      -0.219538982569572     
   6.41022875000000        1.52776875000000      -0.227416305651559     
   6.41022875000000        1.83292250000000      -0.235758749224484     
   6.41022875000000        2.13807625000000      -0.244687726829372     
   6.41022875000000        2.44323000000000      -0.253571599881353     
   6.41022875000000        2.74838375000000      -0.261491039041638     
   6.41022875000000        3.05353750000000      -0.267006693118980     
   6.41022875000000        3.35869125000000      -0.269165223817539     
   6.41022875000000        3.66384500000000      -0.269387979537236     
   6.41022875000000        3.96899875000000      -0.269155330225854     
   6.41022875000000        4.27415250000000      -0.266993702527977     
   6.41022875000000        4.57930625000000      -0.261480394193875     
   6.41022875000000        4.88446000000000      -0.253563846142489     
   6.41022875000000        5.18961375000000      -0.244681571278649     
   6.41022875000000        5.49476750000000      -0.235752824856802     
   6.41022875000000        5.79992125000000      -0.227408570920055     
   6.41022875000000        6.10507500000000      -0.219526609251036     
   6.41022875000000        6.41022875000000      -0.211596947404750     
   6.41022875000000        6.71538250000000      -0.203172840038088     
   6.41022875000000        7.02053625000000      -0.194339373300400     
   6.41022875000000        7.32569000000000      -0.185499121121423     
   6.71538250000000       2.000000000000000E-003 -0.182944339457845     
   6.71538250000000       0.307153750000000      -0.189373498172461     
   6.71538250000000       0.612307500000000      -0.196530687850851     
   6.71538250000000       0.917461250000000      -0.203196851442130     
   6.71538250000000        1.22261500000000      -0.208968242733877     
   6.71538250000000        1.52776875000000      -0.214710746532643     
   6.71538250000000        1.83292250000000      -0.221139751527189     
   6.71538250000000        2.13807625000000      -0.228583526064104     
   6.71538250000000        2.44323000000000      -0.236488898831203     
   6.71538250000000        2.74838375000000      -0.243915468267400     
   6.71538250000000        3.05353750000000      -0.248421528081863     
   6.71538250000000        3.35869125000000      -0.248093669820932     
   6.71538250000000        3.66384500000000      -0.246469193301448     
   6.71538250000000        3.96899875000000      -0.248078455289623     
   6.71538250000000        4.27415250000000      -0.248404505544267     
   6.71538250000000        4.57930625000000      -0.243903527371497     
   6.71538250000000        4.88446000000000      -0.236481920867624     
   6.71538250000000        5.18961375000000      -0.228578762762021     
   6.71538250000000        5.49476750000000      -0.221135112231987     
   6.71538250000000        5.79992125000000      -0.214703699233809     
   6.71538250000000        6.10507500000000      -0.208955190698437     
   6.71538250000000        6.41022875000000      -0.203173152916588     
   6.71538250000000        6.71538250000000      -0.196494816401569     
   6.71538250000000        7.02053625000000      -0.189342630804052     
   6.71538250000000        7.32569000000000      -0.182958262262464     
   7.02053625000000       2.000000000000000E-003 -0.179599988712938     
   7.02053625000000       0.307153750000000      -0.183814517080329     
   7.02053625000000       0.612307500000000      -0.189373675604463     
   7.02053625000000       0.917461250000000      -0.194355694904337     
   7.02053625000000        1.22261500000000      -0.198365891369809     
   7.02053625000000        1.52776875000000      -0.202541027789184     
   7.02053625000000        1.83292250000000      -0.207651871383358     
   7.02053625000000        2.13807625000000      -0.214235521974996     
   7.02053625000000        2.44323000000000      -0.222070140425381     
   7.02053625000000        2.74838375000000      -0.230632783299339     
   7.02053625000000        3.05353750000000      -0.237086707313290     
   7.02053625000000        3.35869125000000      -0.237534737404513     
   7.02053625000000        3.66384500000000      -0.235121586718912     
   7.02053625000000        3.96899875000000      -0.237519150999043     
   7.02053625000000        4.27415250000000      -0.237073522264322     
   7.02053625000000        4.57930625000000      -0.230625717455626     
   7.02053625000000        4.88446000000000      -0.222067180416062     
   7.02053625000000        5.18961375000000      -0.214234179931771     
   7.02053625000000        5.49476750000000      -0.207650440646151     
   7.02053625000000        5.79992125000000      -0.202537827403145     
   7.02053625000000        6.10507500000000      -0.198358536183797     
   7.02053625000000        6.41022875000000      -0.194340067817626     
   7.02053625000000        6.71538250000000      -0.189343375196671     
   7.02053625000000        7.02053625000000      -0.183775542453857     
   7.02053625000000        7.32569000000000      -0.179613088319046     
   7.32569000000000       2.000000000000000E-003 -0.174094407654017     
   7.32569000000000       0.307153750000000      -0.179600322727183     
   7.32569000000000       0.612307500000000      -0.182944995242629     
   7.32569000000000       0.917461250000000      -0.185491676379935     
   7.32569000000000        1.22261500000000      -0.188006866756707     
   7.32569000000000        1.52776875000000      -0.191113321656213     
   7.32569000000000        1.83292250000000      -0.195330993586389     
   7.32569000000000        2.13807625000000      -0.201256259929832     
   7.32569000000000        2.44323000000000      -0.209107409560320     
   7.32569000000000        2.74838375000000      -0.218944733186710     
   7.32569000000000        3.05353750000000      -0.228300309537583     
   7.32569000000000        3.35869125000000      -0.231976540700295     
   7.32569000000000        3.66384500000000      -0.231137121533381     
   7.32569000000000        3.96899875000000      -0.231978469195837     
   7.32569000000000        4.27415250000000      -0.228304213786484     
   7.32569000000000        4.57930625000000      -0.218949101430253     
   7.32569000000000        4.88446000000000      -0.209111406467378     
   7.32569000000000        5.18961375000000      -0.201259672632004     
   7.32569000000000        5.49476750000000      -0.195334075280898     
   7.32569000000000        5.79992125000000      -0.191116437899028     
   7.32569000000000        6.10507500000000      -0.188011260824779     
   7.32569000000000        6.41022875000000      -0.185499920578106     
   7.32569000000000        6.71538250000000      -0.182959539050006     
   7.32569000000000        7.02053625000000      -0.179614142882170     
   7.32569000000000        7.32569000000000      -0.174097062760398     
