  2.000000000000000E-003  2.000000000000000E-003  -2.17539422704435     
  2.000000000000000E-003  0.307153750000000       -1.98430281273047     
  2.000000000000000E-003  0.612307500000000       -1.58917989092081     
  2.000000000000000E-003  0.917461250000000       -1.14359752953728     
  2.000000000000000E-003   1.22261500000000      -0.833196978356518     
  2.000000000000000E-003   1.52776875000000      -0.635004801764938     
  2.000000000000000E-003   1.83292250000000      -0.504215867381670     
  2.000000000000000E-003   2.13807625000000      -0.414152455016196     
  2.000000000000000E-003   2.44323000000000      -0.348974501712438     
  2.000000000000000E-003   2.74838375000000      -0.301035906483768     
  2.000000000000000E-003   3.05353750000000      -0.268222485069950     
  2.000000000000000E-003   3.35869125000000      -0.252506077827097     
  2.000000000000000E-003   3.66384500000000      -0.246669685662322     
  2.000000000000000E-003   3.96899875000000      -0.219843132618539     
  2.000000000000000E-003   4.27415250000000      -0.198245265056312     
  2.000000000000000E-003   4.57930625000000      -0.180092351114846     
  2.000000000000000E-003   4.88446000000000      -0.166233847254727     
  2.000000000000000E-003   5.18961375000000      -0.156269882227847     
  2.000000000000000E-003   5.49476750000000      -0.148984962839120     
  2.000000000000000E-003   5.79992125000000      -0.145262872334360     
  2.000000000000000E-003   6.10507500000000      -0.144361701084343     
  2.000000000000000E-003   6.41022875000000      -0.144948120490423     
  2.000000000000000E-003   6.71538250000000      -0.145013340624937     
  2.000000000000000E-003   7.02053625000000      -0.142224405393398     
  2.000000000000000E-003   7.32569000000000      -0.136663930296646     
  0.307153750000000       2.000000000000000E-003  -1.98430252221385     
  0.307153750000000       0.307153750000000       -1.81680661558618     
  0.307153750000000       0.612307500000000       -1.45117272550462     
  0.307153750000000       0.917461250000000       -1.07271286567969     
  0.307153750000000        1.22261500000000      -0.799185446389309     
  0.307153750000000        1.52776875000000      -0.617803680041377     
  0.307153750000000        1.83292250000000      -0.495138051077477     
  0.307153750000000        2.13807625000000      -0.409527376366283     
  0.307153750000000        2.44323000000000      -0.347310805782061     
  0.307153750000000        2.74838375000000      -0.301696994910577     
  0.307153750000000        3.05353750000000      -0.271308997036776     
  0.307153750000000        3.35869125000000      -0.256521329312337     
  0.307153750000000        3.66384500000000      -0.247122457076339     
  0.307153750000000        3.96899875000000      -0.224275880934358     
  0.307153750000000        4.27415250000000      -0.200258470790131     
  0.307153750000000        4.57930625000000      -0.180895510409777     
  0.307153750000000        4.88446000000000      -0.166720842830058     
  0.307153750000000        5.18961375000000      -0.156599705098958     
  0.307153750000000        5.49476750000000      -0.149256115886394     
  0.307153750000000        5.79992125000000      -0.145351162999643     
  0.307153750000000        6.10507500000000      -0.144056412266013     
  0.307153750000000        6.41022875000000      -0.143924851822170     
  0.307153750000000        6.71538250000000      -0.142722602839746     
  0.307153750000000        7.02053625000000      -0.139310002150263     
  0.307153750000000        7.32569000000000      -0.137736933910240     
  0.612307500000000       2.000000000000000E-003  -1.58917929249686     
  0.612307500000000       0.307153750000000       -1.45117243543199     
  0.612307500000000       0.612307500000000       -1.17820245048072     
  0.612307500000000       0.917461250000000      -0.917916540615913     
  0.612307500000000        1.22261500000000      -0.717729843297862     
  0.612307500000000        1.52776875000000      -0.574051010014544     
  0.612307500000000        1.83292250000000      -0.471124986913428     
  0.612307500000000        2.13807625000000      -0.396631423541042     
  0.612307500000000        2.44323000000000      -0.341695691003644     
  0.612307500000000        2.74838375000000      -0.301267584918418     
  0.612307500000000        3.05353750000000      -0.274363116103944     
  0.612307500000000        3.35869125000000      -0.258649014499080     
  0.612307500000000        3.66384500000000      -0.245329787159253     
  0.612307500000000        3.96899875000000      -0.224796948787547     
  0.612307500000000        4.27415250000000      -0.201434061846242     
  0.612307500000000        4.57930625000000      -0.181860217290719     
  0.612307500000000        4.88446000000000      -0.167641704481798     
  0.612307500000000        5.18961375000000      -0.157362338585860     
  0.612307500000000        5.49476750000000      -0.150030776910463     
  0.612307500000000        5.79992125000000      -0.145643710223683     
  0.612307500000000        6.10507500000000      -0.143484974934462     
  0.612307500000000        6.41022875000000      -0.142142397741681     
  0.612307500000000        6.71538250000000      -0.140039903746258     
  0.612307500000000        7.02053625000000      -0.137138032534040     
  0.612307500000000        7.32569000000000      -0.134961005173506     
  0.917461250000000       2.000000000000000E-003  -1.14359660964875     
  0.917461250000000       0.307153750000000       -1.07271235498510     
  0.917461250000000       0.612307500000000      -0.917916372550174     
  0.917461250000000       0.917461250000000      -0.757628810620376     
  0.917461250000000        1.22261500000000      -0.623422240424308     
  0.917461250000000        1.52776875000000      -0.518691649878241     
  0.917461250000000        1.83292250000000      -0.438781823074656     
  0.917461250000000        2.13807625000000      -0.377799524024317     
  0.917461250000000        2.44323000000000      -0.331482822810694     
  0.917461250000000        2.74838375000000      -0.296773299712205     
  0.917461250000000        3.05353750000000      -0.271852471812558     
  0.917461250000000        3.35869125000000      -0.254072070290340     
  0.917461250000000        3.66384500000000      -0.237906994267912     
  0.917461250000000        3.96899875000000      -0.219028895167396     
  0.917461250000000        4.27415250000000      -0.198967719871827     
  0.917461250000000        4.57930625000000      -0.181550890225786     
  0.917461250000000        4.88446000000000      -0.168143342417831     
  0.917461250000000        5.18961375000000      -0.158184910155469     
  0.917461250000000        5.49476750000000      -0.151024035435189     
  0.917461250000000        5.79992125000000      -0.146143284227397     
  0.917461250000000        6.10507500000000      -0.143055564274219     
  0.917461250000000        6.41022875000000      -0.140693640578571     
  0.917461250000000        6.71538250000000      -0.138178557318322     
  0.917461250000000        7.02053625000000      -0.135311615634713     
  0.917461250000000        7.32569000000000      -0.132079823079160     
   1.22261500000000       2.000000000000000E-003 -0.833195891819280     
   1.22261500000000       0.307153750000000      -0.799184746374019     
   1.22261500000000       0.612307500000000      -0.717729537424860     
   1.22261500000000       0.917461250000000      -0.623422151862222     
   1.22261500000000        1.22261500000000      -0.536520921114052     
   1.22261500000000        1.52776875000000      -0.463378011586702     
   1.22261500000000        1.83292250000000      -0.403854304761764     
   1.22261500000000        2.13807625000000      -0.355793478509720     
   1.22261500000000        2.44323000000000      -0.317800001045475     
   1.22261500000000        2.74838375000000      -0.288101860725763     
   1.22261500000000        3.05353750000000      -0.264895726901794     
   1.22261500000000        3.35869125000000      -0.246131263208165     
   1.22261500000000        3.66384500000000      -0.229054122380665     
   1.22261500000000        3.96899875000000      -0.211797910177667     
   1.22261500000000        4.27415250000000      -0.194962417864596     
   1.22261500000000        4.57930625000000      -0.180157416937384     
   1.22261500000000        4.88446000000000      -0.168122441945706     
   1.22261500000000        5.18961375000000      -0.158836549687326     
   1.22261500000000        5.49476750000000      -0.151885488285306     
   1.22261500000000        5.79992125000000      -0.146685078917016     
   1.22261500000000        6.10507500000000      -0.142783942137578     
   1.22261500000000        6.41022875000000      -0.139533128862283     
   1.22261500000000        6.71538250000000      -0.136394281417539     
   1.22261500000000        7.02053625000000      -0.133093524217543     
   1.22261500000000        7.32569000000000      -0.129420041422270     
   1.52776875000000       2.000000000000000E-003 -0.635003980440661     
   1.52776875000000       0.307153750000000      -0.617803119476648     
   1.52776875000000       0.612307500000000      -0.574050741450591     
   1.52776875000000       0.917461250000000      -0.518691545657405     
   1.52776875000000        1.22261500000000      -0.463377960415566     
   1.52776875000000        1.52776875000000      -0.413433321506139     
   1.52776875000000        1.83292250000000      -0.369799225918989     
   1.52776875000000        2.13807625000000      -0.332902957700008     
   1.52776875000000        2.44323000000000      -0.302292890783400     
   1.52776875000000        2.74838375000000      -0.276998409171968     
   1.52776875000000        3.05353750000000      -0.255835514944836     
   1.52776875000000        3.35869125000000      -0.237547314305992     
   1.52776875000000        3.66384500000000      -0.220952690358983     
   1.52776875000000        3.96899875000000      -0.205386625234304     
   1.52776875000000        4.27415250000000      -0.190996679551073     
   1.52776875000000        4.57930625000000      -0.178324522880767     
   1.52776875000000        4.88446000000000      -0.167727760888102     
   1.52776875000000        5.18961375000000      -0.159200234029495     
   1.52776875000000        5.49476750000000      -0.152449764084574     
   1.52776875000000        5.79992125000000      -0.147037381991685     
   1.52776875000000        6.10507500000000      -0.142515886415621     
   1.52776875000000        6.41022875000000      -0.138518602522729     
   1.52776875000000        6.71538250000000      -0.134739612245309     
   1.52776875000000        7.02053625000000      -0.130988904615762     
   1.52776875000000        7.32569000000000      -0.127141992001094     
   1.83292250000000       2.000000000000000E-003 -0.504215509586043     
   1.83292250000000       0.307153750000000      -0.495137811233621     
   1.83292250000000       0.612307500000000      -0.471124839675450     
   1.83292250000000       0.917461250000000      -0.438781683393139     
   1.83292250000000        1.22261500000000      -0.403854162241923     
   1.83292250000000        1.52776875000000      -0.369799130015257     
   1.83292250000000        1.83292250000000      -0.338469378850777     
   1.83292250000000        2.13807625000000      -0.310595307284258     
   1.83292250000000        2.44323000000000      -0.286171093467144     
   1.83292250000000        2.74838375000000      -0.264791142114703     
   1.83292250000000        3.05353750000000      -0.245913999934760     
   1.83292250000000        3.35869125000000      -0.229018806742992     
   1.83292250000000        3.66384500000000      -0.213701717943131     
   1.83292250000000        3.96899875000000      -0.199770290259420     
   1.83292250000000        4.27415250000000      -0.187262343403507     
   1.83292250000000        4.57930625000000      -0.176311787609034     
   1.83292250000000        4.88446000000000      -0.166974669905930     
   1.83292250000000        5.18961375000000      -0.159151697179962     
   1.83292250000000        5.49476750000000      -0.152606975412472     
   1.83292250000000        5.79992125000000      -0.147030594785139     
   1.83292250000000        6.10507500000000      -0.142112314219170     
   1.83292250000000        6.41022875000000      -0.137601610838075     
   1.83292250000000        6.71538250000000      -0.133341006856166     
   1.83292250000000        7.02053625000000      -0.129263254575309     
   1.83292250000000        7.32569000000000      -0.125327320122202     
   2.13807625000000       2.000000000000000E-003 -0.414152343592625     
   2.13807625000000       0.307153750000000      -0.409527311524149     
   2.13807625000000       0.612307500000000      -0.396631326561016     
   2.13807625000000       0.917461250000000      -0.377799353598634     
   2.13807625000000        1.22261500000000      -0.355793258638130     
   2.13807625000000        1.52776875000000      -0.332902756225241     
   2.13807625000000        1.83292250000000      -0.310595190334474     
   2.13807625000000        2.13807625000000      -0.289590327908649     
   2.13807625000000        2.44323000000000      -0.270107976626371     
   2.13807625000000        2.74838375000000      -0.252131987959094     
   2.13807625000000        3.05353750000000      -0.235599031873048     
   2.13807625000000        3.35869125000000      -0.220477878965868     
   2.13807625000000        3.66384500000000      -0.206768284190052     
   2.13807625000000        3.96899875000000      -0.194475861313944     
   2.13807625000000        4.27415250000000      -0.183587733747530     
   2.13807625000000        4.57930625000000      -0.174049555231875     
   2.13807625000000        4.88446000000000      -0.165753196316439     
   2.13807625000000        5.18961375000000      -0.158542581232652     
   2.13807625000000        5.49476750000000      -0.152228006745997     
   2.13807625000000        5.79992125000000      -0.146605632244015     
   2.13807625000000        6.10507500000000      -0.141486045511378     
   2.13807625000000        6.41022875000000      -0.136727942610138     
   2.13807625000000        6.71538250000000      -0.132256648401982     
   2.13807625000000        7.02053625000000      -0.128048651412653     
   2.13807625000000        7.32569000000000      -0.124093267354635     
   2.44323000000000       2.000000000000000E-003 -0.348974677598471     
   2.44323000000000       0.307153750000000      -0.347310995798355     
   2.44323000000000       0.612307500000000      -0.341695753470140     
   2.44323000000000       0.917461250000000      -0.331482700519763     
   2.44323000000000        1.22261500000000      -0.317799742507192     
   2.44323000000000        1.52776875000000      -0.302292598798142     
   2.44323000000000        1.83292250000000      -0.286170865355947     
   2.44323000000000        2.13807625000000      -0.270107863458007     
   2.44323000000000        2.44323000000000      -0.254442977038377     
   2.44323000000000        2.74838375000000      -0.239391524854081     
   2.44323000000000        3.05353750000000      -0.225162916401125     
   2.44323000000000        3.35869125000000      -0.211972773923062     
   2.44323000000000        3.66384500000000      -0.199989442932860     
   2.44323000000000        3.96899875000000      -0.189279178425188     
   2.44323000000000        4.27415250000000      -0.179793967900286     
   2.44323000000000        4.57930625000000      -0.171403135151466     
   2.44323000000000        4.88446000000000      -0.163944432715398     
   2.44323000000000        5.18961375000000      -0.157262203584572     
   2.44323000000000        5.49476750000000      -0.151217777089390     
   2.44323000000000        5.79992125000000      -0.145686504156413     
   2.44323000000000        6.10507500000000      -0.140564440123100     
   2.44323000000000        6.41022875000000      -0.135788457025585     
   2.44323000000000        6.71538250000000      -0.131345731685360     
   2.44323000000000        7.02053625000000      -0.127235351632587     
   2.44323000000000        7.32569000000000      -0.123393246480536     
   2.74838375000000       2.000000000000000E-003 -0.301036541422709     
   2.74838375000000       0.307153750000000      -0.301697444075803     
   2.74838375000000       0.612307500000000      -0.301267816982614     
   2.74838375000000       0.917461250000000      -0.296773318336746     
   2.74838375000000        1.22261500000000      -0.288101606420036     
   2.74838375000000        1.52776875000000      -0.276998047578080     
   2.74838375000000        1.83292250000000      -0.264790818782724     
   2.74838375000000        2.13807625000000      -0.252131783234141     
   2.74838375000000        2.44323000000000      -0.239391444021760     
   2.74838375000000        2.74838375000000      -0.226865029855425     
   2.74838375000000        3.05353750000000      -0.214844806803530     
   2.74838375000000        3.35869125000000      -0.203600770678755     
   2.74838375000000        3.66384500000000      -0.193319997591396     
   2.74838375000000        3.96899875000000      -0.184061835377511     
   2.74838375000000        4.27415250000000      -0.175764172254082     
   2.74838375000000        4.57930625000000      -0.168294499820322     
   2.74838375000000        4.88446000000000      -0.161511204710008     
   2.74838375000000        5.18961375000000      -0.155298620983200     
   2.74838375000000        5.49476750000000      -0.149567977725103     
   2.74838375000000        5.79992125000000      -0.144247195863731     
   2.74838375000000        6.10507500000000      -0.139285010379030     
   2.74838375000000        6.41022875000000      -0.134674580413723     
   2.74838375000000        6.71538250000000      -0.130478515264514     
   2.74838375000000        7.02053625000000      -0.126709774978984     
   2.74838375000000        7.32569000000000      -0.123178372391716     
   3.05353750000000       2.000000000000000E-003 -0.268223528199535     
   3.05353750000000       0.307153750000000      -0.271309826725028     
   3.05353750000000       0.612307500000000      -0.274363494996294     
   3.05353750000000       0.917461250000000      -0.271852541668468     
   3.05353750000000        1.22261500000000      -0.264895497241385     
   3.05353750000000        1.52776875000000      -0.255835094497373     
   3.05353750000000        1.83292250000000      -0.245913593871428     
   3.05353750000000        2.13807625000000      -0.235598756130119     
   3.05353750000000        2.44323000000000      -0.225162788315244     
   3.05353750000000        2.74838375000000      -0.214844775464743     
   3.05353750000000        3.05353750000000      -0.204880098175621     
   3.05353750000000        3.35869125000000      -0.195474271484339     
   3.05353750000000        3.66384500000000      -0.186760583670961     
   3.05353750000000        3.96899875000000      -0.178774328503694     
   3.05353750000000        4.27415250000000      -0.171465813936622     
   3.05353750000000        4.57930625000000      -0.164745732286607     
   3.05353750000000        4.88446000000000      -0.158529317609771     
   3.05353750000000        5.18961375000000      -0.152752847290044     
   3.05353750000000        5.49476750000000      -0.147366779181176     
   3.05353750000000        5.79992125000000      -0.142329510413078     
   3.05353750000000        6.10507500000000      -0.137617464440046     
   3.05353750000000        6.41022875000000      -0.133273054922132     
   3.05353750000000        6.71538250000000      -0.129462304911317     
   3.05353750000000        7.02053625000000      -0.126238155896930     
   3.05353750000000        7.32569000000000      -0.123241885604674     
   3.35869125000000       2.000000000000000E-003 -0.252506998690774     
   3.35869125000000       0.307153750000000      -0.256522100547786     
   3.35869125000000       0.612307500000000      -0.258649395280501     
   3.35869125000000       0.917461250000000      -0.254072111734736     
   3.35869125000000        1.22261500000000      -0.246131026691531     
   3.35869125000000        1.52776875000000      -0.237546831683416     
   3.35869125000000        1.83292250000000      -0.229018327420932     
   3.35869125000000        2.13807625000000      -0.220477547106197     
   3.35869125000000        2.44323000000000      -0.211972617996729     
   3.35869125000000        2.74838375000000      -0.203600734437321     
   3.35869125000000        3.05353750000000      -0.195474276272758     
   3.35869125000000        3.35869125000000      -0.187696031572162     
   3.35869125000000        3.66384500000000      -0.180338119848135     
   3.35869125000000        3.96899875000000      -0.173427658935434     
   3.35869125000000        4.27415250000000      -0.166948544925824     
   3.35869125000000        4.57930625000000      -0.160868780584841     
   3.35869125000000        4.88446000000000      -0.155160777258680     
   3.35869125000000        5.18961375000000      -0.149801048325110     
   3.35869125000000        5.49476750000000      -0.144764108814606     
   3.35869125000000        5.79992125000000      -0.140026137920946     
   3.35869125000000        6.10507500000000      -0.135576305312132     
   3.35869125000000        6.41022875000000      -0.131527356310170     
   3.35869125000000        6.71538250000000      -0.128106141406849     
   3.35869125000000        7.02053625000000      -0.125528507486264     
   3.35869125000000        7.32569000000000      -0.123205641446894     
   3.66384500000000       2.000000000000000E-003 -0.246670193137834     
   3.66384500000000       0.307153750000000      -0.247122503454961     
   3.66384500000000       0.612307500000000      -0.245329633205134     
   3.66384500000000       0.917461250000000      -0.237906819774472     
   3.66384500000000        1.22261500000000      -0.229053795124956     
   3.66384500000000        1.52776875000000      -0.220952141074468     
   3.66384500000000        1.83292250000000      -0.213701183957007     
   3.66384500000000        2.13807625000000      -0.206767914607817     
   3.66384500000000        2.44323000000000      -0.199989268343278     
   3.66384500000000        2.74838375000000      -0.193319956636409     
   3.66384500000000        3.05353750000000      -0.186760589149261     
   3.66384500000000        3.35869125000000      -0.180338120312748     
   3.66384500000000        3.66384500000000      -0.174096691273130     
   3.66384500000000        3.96899875000000      -0.168080788006929     
   3.66384500000000        4.27415250000000      -0.162316423610292     
   3.66384500000000        4.57930625000000      -0.156817842493922     
   3.66384500000000        4.88446000000000      -0.151590621309676     
   3.66384500000000        5.18961375000000      -0.146628103238186     
   3.66384500000000        5.49476750000000      -0.141916129038633     
   3.66384500000000        5.79992125000000      -0.137448394657318     
   3.66384500000000        6.10507500000000      -0.133239755576137     
   3.66384500000000        6.41022875000000      -0.129477185617319     
   3.66384500000000        6.71538250000000      -0.126424047368681     
   3.66384500000000        7.02053625000000      -0.124367975397171     
   3.66384500000000        7.32569000000000      -0.122802532595451     
   3.96899875000000       2.000000000000000E-003 -0.219842907909903     
   3.96899875000000       0.307153750000000      -0.224275169816211     
   3.96899875000000       0.612307500000000      -0.224796151039546     
   3.96899875000000       0.917461250000000      -0.219028389329231     
   3.96899875000000        1.22261500000000      -0.211797451054428     
   3.96899875000000        1.52776875000000      -0.205386026878781     
   3.96899875000000        1.83292250000000      -0.199769740435896     
   3.96899875000000        2.13807625000000      -0.194475486262608     
   3.96899875000000        2.44323000000000      -0.189278997570296     
   3.96899875000000        2.74838375000000      -0.184061780825986     
   3.96899875000000        3.05353750000000      -0.178774310428599     
   3.96899875000000        3.35869125000000      -0.173427627486078     
   3.96899875000000        3.66384500000000      -0.168080752122060     
   3.96899875000000        3.96899875000000      -0.162811442290708     
   3.96899875000000        4.27415250000000      -0.157682613076208     
   3.96899875000000        4.57930625000000      -0.152730368719108     
   3.96899875000000        4.88446000000000      -0.147962886640599     
   3.96899875000000        5.18961375000000      -0.143369072653148     
   3.96899875000000        5.49476750000000      -0.138939736123375     
   3.96899875000000        5.79992125000000      -0.134693110925961     
   3.96899875000000        6.10507500000000      -0.130689988885995     
   3.96899875000000        6.41022875000000      -0.127174515991950     
   3.96899875000000        6.71538250000000      -0.124472089142491     
   3.96899875000000        7.02053625000000      -0.122656546575671     
   3.96899875000000        7.32569000000000      -0.120906550621656     
   4.27415250000000       2.000000000000000E-003 -0.198244468933623     
   4.27415250000000       0.307153750000000      -0.200257221141611     
   4.27415250000000       0.612307500000000      -0.201432938803380     
   4.27415250000000       0.917461250000000      -0.198967063076783     
   4.27415250000000        1.22261500000000      -0.194961852568310     
   4.27415250000000        1.52776875000000      -0.190996081890326     
   4.27415250000000        1.83292250000000      -0.187261833504879     
   4.27415250000000        2.13807625000000      -0.183587398369668     
   4.27415250000000        2.44323000000000      -0.179793804337259     
   4.27415250000000        2.74838375000000      -0.175764104835230     
   4.27415250000000        3.05353750000000      -0.171465756153390     
   4.27415250000000        3.35869125000000      -0.166948456308499     
   4.27415250000000        3.66384500000000      -0.162316323444958     
   4.27415250000000        3.96899875000000      -0.157682548548911     
   4.27415250000000        4.27415250000000      -0.153128310739247     
   4.27415250000000        4.57930625000000      -0.148686063886987     
   4.27415250000000        4.88446000000000      -0.144346654017523     
   4.27415250000000        5.18961375000000      -0.140085527806032     
   4.27415250000000        5.49476750000000      -0.135898123815812     
   4.27415250000000        5.79992125000000      -0.131829754125900     
   4.27415250000000        6.10507500000000      -0.127989813155337     
   4.27415250000000        6.41022875000000      -0.124599669272042     
   4.27415250000000        6.71538250000000      -0.122007396117497     
   4.27415250000000        7.02053625000000      -0.120173246072432     
   4.27415250000000        7.32569000000000      -0.118376794600011     
   4.57930625000000       2.000000000000000E-003 -0.180091367233603     
   4.57930625000000       0.307153750000000      -0.180894301665575     
   4.57930625000000       0.612307500000000      -0.181859280784558     
   4.57930625000000       0.917461250000000      -0.181550271238492     
   4.57930625000000        1.22261500000000      -0.180156836056411     
   4.57930625000000        1.52776875000000      -0.178323987013930     
   4.57930625000000        1.83292250000000      -0.176311371200431     
   4.57930625000000        2.13807625000000      -0.174049303189223     
   4.57930625000000        2.44323000000000      -0.171403017809783     
   4.57930625000000        2.74838375000000      -0.168294433680434     
   4.57930625000000        3.05353750000000      -0.164745638626012     
   4.57930625000000        3.35869125000000      -0.160868634185001     
   4.57930625000000        3.66384500000000      -0.156817678040440     
   4.57930625000000        3.96899875000000      -0.152730243849184     
   4.57930625000000        4.27415250000000      -0.148686009727216     
   4.57930625000000        4.57930625000000      -0.144699547240139     
   4.57930625000000        4.88446000000000      -0.140741976411602     
   4.57930625000000        5.18961375000000      -0.136780011950291     
   4.57930625000000        5.49476750000000      -0.132816983881599     
   4.57930625000000        5.79992125000000      -0.128918143924057     
   4.57930625000000        6.10507500000000      -0.125212209169961     
   4.57930625000000        6.41022875000000      -0.121873442387145     
   4.57930625000000        6.71538250000000      -0.119119595220883     
   4.57930625000000        7.02053625000000      -0.116921210595075     
   4.57930625000000        7.32569000000000      -0.114781762995143     
   4.88446000000000       2.000000000000000E-003 -0.166232891614336     
   4.88446000000000       0.307153750000000      -0.166719959076108     
   4.88446000000000       0.612307500000000      -0.167640983892177     
   4.88446000000000       0.917461250000000      -0.168142740929506     
   4.88446000000000        1.22261500000000      -0.168121915580984     
   4.88446000000000        1.52776875000000      -0.167727329011542     
   4.88446000000000        1.83292250000000      -0.166974377823627     
   4.88446000000000        2.13807625000000      -0.165753052021067     
   4.88446000000000        2.44323000000000      -0.163944380907201     
   4.88446000000000        2.74838375000000      -0.161511155329299     
   4.88446000000000        3.05353750000000      -0.158529201895263     
   4.88446000000000        3.35869125000000      -0.155160588017827     
   4.88446000000000        3.66384500000000      -0.151590411052370     
   4.88446000000000        3.96899875000000      -0.147962725684615     
   4.88446000000000        4.27415250000000      -0.144346578878656     
   4.88446000000000        4.57930625000000      -0.140741967468238     
   4.88446000000000        4.88446000000000      -0.137113115551695     
   4.88446000000000        5.18961375000000      -0.133431318204688     
   4.88446000000000        5.49476750000000      -0.129710725180576     
   4.88446000000000        5.79992125000000      -0.126023084751694     
   4.88446000000000        6.10507500000000      -0.122486211513563     
   4.88446000000000        6.41022875000000      -0.119231320791591     
   4.88446000000000        6.71538250000000      -0.116353397920574     
   4.88446000000000        7.02053625000000      -0.113833943893717     
   4.88446000000000        7.32569000000000      -0.111464777531000     
   5.18961375000000       2.000000000000000E-003 -0.156268936084421     
   5.18961375000000       0.307153750000000      -0.156598869782223     
   5.18961375000000       0.612307500000000      -0.157361655914623     
   5.18961375000000       0.917461250000000      -0.158184360055687     
   5.18961375000000        1.22261500000000      -0.158836111359243     
   5.18961375000000        1.52776875000000      -0.159199921798023     
   5.18961375000000        1.83292250000000      -0.159151531545082     
   5.18961375000000        2.13807625000000      -0.158542541433875     
   5.18961375000000        2.44323000000000      -0.157262215115539     
   5.18961375000000        2.74838375000000      -0.155298590608631     
   5.18961375000000        3.05353750000000      -0.152752717207779     
   5.18961375000000        3.35869125000000      -0.149800829016031     
   5.18961375000000        3.66384500000000      -0.146627863531190     
   5.18961375000000        3.96899875000000      -0.143368894657541     
   5.18961375000000        4.27415250000000      -0.140085456499563     
   5.18961375000000        4.57930625000000      -0.136780031345731     
   5.18961375000000        4.88446000000000      -0.133431364796781     
   5.18961375000000        5.18961375000000      -0.130029799907317     
   5.18961375000000        5.49476750000000      -0.126599936678418     
   5.18961375000000        5.79992125000000      -0.123203658929278     
   5.18961375000000        6.10507500000000      -0.119925016423281     
   5.18961375000000        6.41022875000000      -0.116843981977823     
   5.18961375000000        6.71538250000000      -0.114008503935166     
   5.18961375000000        7.02053625000000      -0.111412758041095     
   5.18961375000000        7.32569000000000      -0.108997507998227     
   5.49476750000000       2.000000000000000E-003 -0.148983955366686     
   5.49476750000000       0.307153750000000      -0.149255235001023     
   5.49476750000000       0.612307500000000      -0.150030101141812     
   5.49476750000000       0.917461250000000      -0.151023561661559     
   5.49476750000000        1.22261500000000      -0.151885165625716     
   5.49476750000000        1.52776875000000      -0.152449575043840     
   5.49476750000000        1.83292250000000      -0.152606918812673     
   5.49476750000000        2.13807625000000      -0.152228045086364     
   5.49476750000000        2.44323000000000      -0.151217827268621     
   5.49476750000000        2.74838375000000      -0.149567949992478     
   5.49476750000000        3.05353750000000      -0.147366629983692     
   5.49476750000000        3.35869125000000      -0.144763865768250     
   5.49476750000000        3.66384500000000      -0.141915871248332     
   5.49476750000000        3.96899875000000      -0.138939549271405     
   5.49476750000000        4.27415250000000      -0.135898059851309     
   5.49476750000000        4.57930625000000      -0.132817039112640     
   5.49476750000000        4.88446000000000      -0.129710842340103     
   5.49476750000000        5.18961375000000      -0.126600031897072     
   5.49476750000000        5.49476750000000      -0.123515934518295     
   5.49476750000000        5.79992125000000      -0.120496166262673     
   5.49476750000000        6.10507500000000      -0.117574852750072     
   5.49476750000000        6.41022875000000      -0.114772155645994     
   5.49476750000000        6.71538250000000      -0.112105394161709     
   5.49476750000000        7.02053625000000      -0.109608044326365     
   5.49476750000000        7.32569000000000      -0.107279084697896     
   5.79992125000000       2.000000000000000E-003 -0.145261849217431     
   5.79992125000000       0.307153750000000      -0.145350337064443     
   5.79992125000000       0.612307500000000      -0.145643189169242     
   5.79992125000000       0.917461250000000      -0.146143006968968     
   5.79992125000000        1.22261500000000      -0.146684927147333     
   5.79992125000000        1.52776875000000      -0.147037320700342     
   5.79992125000000        1.83292250000000      -0.147030620267900     
   5.79992125000000        2.13807625000000      -0.146605708423645     
   5.79992125000000        2.44323000000000      -0.145686551694950     
   5.79992125000000        2.74838375000000      -0.144247138122264     
   5.79992125000000        3.05353750000000      -0.142329330258224     
   5.79992125000000        3.35869125000000      -0.140025891078756     
   5.79992125000000        3.66384500000000      -0.137448161120741     
   5.79992125000000        3.96899875000000      -0.134692948566739     
   5.79992125000000        4.27415250000000      -0.131829703123336     
   5.79992125000000        4.57930625000000      -0.128918222991745     
   5.79992125000000        4.88446000000000      -0.126023263933648     
   5.79992125000000        5.18961375000000      -0.123203860455945     
   5.79992125000000        5.49476750000000      -0.120496299987866     
   5.79992125000000        5.79992125000000      -0.117908228310403     
   5.79992125000000        6.10507500000000      -0.115421097525972     
   5.79992125000000        6.41022875000000      -0.113036030424944     
   5.79992125000000        6.71538250000000      -0.110745600282763     
   5.79992125000000        7.02053625000000      -0.108532046803081     
   5.79992125000000        7.32569000000000      -0.106369304441901     
   6.10507500000000       2.000000000000000E-003 -0.144360535557027     
   6.10507500000000       0.307153750000000      -0.144055592214682     
   6.10507500000000       0.612307500000000      -0.143484592548940     
   6.10507500000000       0.917461250000000      -0.143055491253914     
   6.10507500000000        1.22261500000000      -0.142784009729141     
   6.10507500000000        1.52776875000000      -0.142515943032106     
   6.10507500000000        1.83292250000000      -0.142112380448739     
   6.10507500000000        2.13807625000000      -0.141486109111969     
   6.10507500000000        2.44323000000000      -0.140564430911538     
   6.10507500000000        2.74838375000000      -0.139284870787674     
   6.10507500000000        3.05353750000000      -0.137617234786916     
   6.10507500000000        3.35869125000000      -0.135576133495524     
   6.10507500000000        3.66384500000000      -0.133239710775301     
   6.10507500000000        3.96899875000000      -0.130689999813013     
   6.10507500000000        4.27415250000000      -0.127989830139956     
   6.10507500000000        4.57930625000000      -0.125212307966971     
   6.10507500000000        4.88446000000000      -0.122486432875177     
   6.10507500000000        5.18961375000000      -0.119925310526023     
   6.10507500000000        5.49476750000000      -0.117575124177351     
   6.10507500000000        5.79992125000000      -0.115421259941187     
   6.10507500000000        6.10507500000000      -0.113457505866815     
   6.10507500000000        6.41022875000000      -0.111613377089320     
   6.10507500000000        6.71538250000000      -0.109812811855175     
   6.10507500000000        7.02053625000000      -0.108000416475887     
   6.10507500000000        7.32569000000000      -0.106084811354213     
   6.41022875000000       2.000000000000000E-003 -0.144946699155103     
   6.41022875000000       0.307153750000000      -0.143924123957446     
   6.41022875000000       0.612307500000000      -0.142142248113805     
   6.41022875000000       0.917461250000000      -0.140693730240250     
   6.41022875000000        1.22261500000000      -0.139533312035897     
   6.41022875000000        1.52776875000000      -0.138518731286859     
   6.41022875000000        1.83292250000000      -0.137601642865473     
   6.41022875000000        2.13807625000000      -0.136727933903867     
   6.41022875000000        2.44323000000000      -0.135788325569976     
   6.41022875000000        2.74838375000000      -0.134674262128850     
   6.41022875000000        3.05353750000000      -0.133272747652189     
   6.41022875000000        3.35869125000000      -0.131527195869305     
   6.41022875000000        3.66384500000000      -0.129477240529967     
   6.41022875000000        3.96899875000000      -0.127174720402872     
   6.41022875000000        4.27415250000000      -0.124599843229747     
   6.41022875000000        4.57930625000000      -0.121873556556571     
   6.41022875000000        4.88446000000000      -0.119231568609722     
   6.41022875000000        5.18961375000000      -0.116844350453272     
   6.41022875000000        5.49476750000000      -0.114772548413539     
   6.41022875000000        5.79992125000000      -0.113036334511831     
   6.41022875000000        6.10507500000000      -0.111613564401027     
   6.41022875000000        6.41022875000000      -0.110329921968074     
   6.41022875000000        6.71538250000000      -0.109046932982557     
   6.41022875000000        7.02053625000000      -0.107738399568360     
   6.41022875000000        7.32569000000000      -0.106226871930274     
   6.71538250000000       2.000000000000000E-003 -0.145011667789415     
   6.71538250000000       0.307153750000000      -0.142722126300638     
   6.71538250000000       0.612307500000000      -0.140040162131721     
   6.71538250000000       0.917461250000000      -0.138178864874653     
   6.71538250000000        1.22261500000000      -0.136394537732638     
   6.71538250000000        1.52776875000000      -0.134739747359529     
   6.71538250000000        1.83292250000000      -0.133340918920015     
   6.71538250000000        2.13807625000000      -0.132256513980212     
   6.71538250000000        2.44323000000000      -0.131345424632567     
   6.71538250000000        2.74838375000000      -0.130478019952020     
   6.71538250000000        3.05353750000000      -0.129461691348990     
   6.71538250000000        3.35869125000000      -0.128105565285341     
   6.71538250000000        3.66384500000000      -0.126423859179553     
   6.71538250000000        3.96899875000000      -0.124472209416269     
   6.71538250000000        4.27415250000000      -0.122007628133012     
   6.71538250000000        4.57930625000000      -0.119119758233190     
   6.71538250000000        4.88446000000000      -0.116353657835066     
   6.71538250000000        5.18961375000000      -0.114008934091576     
   6.71538250000000        5.49476750000000      -0.112105873018090     
   6.71538250000000        5.79992125000000      -0.110746030173065     
   6.71538250000000        6.10507500000000      -0.109813253097345     
   6.71538250000000        6.41022875000000      -0.109047331371282     
   6.71538250000000        6.71538250000000      -0.108158105767062     
   6.71538250000000        7.02053625000000      -0.107276649535268     
   6.71538250000000        7.32569000000000      -0.106462987327782     
   7.02053625000000       2.000000000000000E-003 -0.142223133937402     
   7.02053625000000       0.307153750000000      -0.139310011909486     
   7.02053625000000       0.612307500000000      -0.137138709408220     
   7.02053625000000       0.917461250000000      -0.135312128940314     
   7.02053625000000        1.22261500000000      -0.133093872044350     
   7.02053625000000        1.52776875000000      -0.130989042033560     
   7.02053625000000        1.83292250000000      -0.129263049491459     
   7.02053625000000        2.13807625000000      -0.128048381820967     
   7.02053625000000        2.44323000000000      -0.127234902167458     
   7.02053625000000        2.74838375000000      -0.126709078693126     
   7.02053625000000        3.05353750000000      -0.126237069520001     
   7.02053625000000        3.35869125000000      -0.125527450526677     
   7.02053625000000        3.66384500000000      -0.124367494569881     
   7.02053625000000        3.96899875000000      -0.122656411547294     
   7.02053625000000        4.27415250000000      -0.120173393142869     
   7.02053625000000        4.57930625000000      -0.116921430663064     
   7.02053625000000        4.88446000000000      -0.113834230521885     
   7.02053625000000        5.18961375000000      -0.111413241033803     
   7.02053625000000        5.49476750000000      -0.109608556005384     
   7.02053625000000        5.79992125000000      -0.108532558971332     
   7.02053625000000        6.10507500000000      -0.108001072637159     
   7.02053625000000        6.41022875000000      -0.107739278368980     
   7.02053625000000        6.71538250000000      -0.107277538115602     
   7.02053625000000        7.02053625000000      -0.106497191388622     
   7.02053625000000        7.32569000000000      -0.106093339219636     
   7.32569000000000       2.000000000000000E-003 -0.136663703410169     
   7.32569000000000       0.307153750000000      -0.137737528760444     
   7.32569000000000       0.612307500000000      -0.134961797673349     
   7.32569000000000       0.917461250000000      -0.132080343268434     
   7.32569000000000        1.22261500000000      -0.129420431047867     
   7.32569000000000        1.52776875000000      -0.127142121869052     
   7.32569000000000        1.83292250000000      -0.125327027405465     
   7.32569000000000        2.13807625000000      -0.124092915707169     
   7.32569000000000        2.44323000000000      -0.123392779993142     
   7.32569000000000        2.74838375000000      -0.123177553069168     
   7.32569000000000        3.05353750000000      -0.123240707490104     
   7.32569000000000        3.35869125000000      -0.123204584398758     
   7.32569000000000        3.66384500000000      -0.122801759339630     
   7.32569000000000        3.96899875000000      -0.120906438694862     
   7.32569000000000        4.27415250000000      -0.118377012641189     
   7.32569000000000        4.57930625000000      -0.114782047805280     
   7.32569000000000        4.88446000000000      -0.111465175411679     
   7.32569000000000        5.18961375000000      -0.108998026387555     
   7.32569000000000        5.49476750000000      -0.107279559642740     
   7.32569000000000        5.79992125000000      -0.106369761134938     
   7.32569000000000        6.10507500000000      -0.106085418276393     
   7.32569000000000        6.41022875000000      -0.106227834243502     
   7.32569000000000        6.71538250000000      -0.106464419314974     
   7.32569000000000        7.02053625000000      -0.106094540320516     
   7.32569000000000        7.32569000000000      -0.104177289434886     
