  2.000000000000000E-003  2.000000000000000E-003 -0.338469378850778     
  2.000000000000000E-003  0.307153750000000      -0.352677271430277     
  2.000000000000000E-003  0.612307500000000      -0.364020488970842     
  2.000000000000000E-003  0.917461250000000      -0.372831845226697     
  2.000000000000000E-003   1.22261500000000      -0.377152709608699     
  2.000000000000000E-003   1.52776875000000      -0.376794713407024     
  2.000000000000000E-003   1.83292250000000      -0.372678075689241     
  2.000000000000000E-003   2.13807625000000      -0.366851151544427     
  2.000000000000000E-003   2.44323000000000      -0.361245244164217     
  2.000000000000000E-003   2.74838375000000      -0.354084778338882     
  2.000000000000000E-003   3.05353750000000      -0.345568392593828     
  2.000000000000000E-003   3.35869125000000      -0.337591907276596     
  2.000000000000000E-003   3.66384500000000      -0.323221139168970     
  2.000000000000000E-003   3.96899875000000      -0.306422575077896     
  2.000000000000000E-003   4.27415250000000      -0.283006264527319     
  2.000000000000000E-003   4.57930625000000      -0.252016456454990     
  2.000000000000000E-003   4.88446000000000      -0.223720340430925     
  2.000000000000000E-003   5.18961375000000      -0.201812247336997     
  2.000000000000000E-003   5.49476750000000      -0.185933011645783     
  2.000000000000000E-003   5.79992125000000      -0.175616119314462     
  2.000000000000000E-003   6.10507500000000      -0.169646283422184     
  2.000000000000000E-003   6.41022875000000      -0.166603481914414     
  2.000000000000000E-003   6.71538250000000      -0.164348736685742     
  2.000000000000000E-003   7.02053625000000      -0.159257249820031     
  2.000000000000000E-003   7.32569000000000      -0.152606696950858     
  0.307153750000000       2.000000000000000E-003 -0.352677075149252     
  0.307153750000000       0.307153750000000      -0.350229633730450     
  0.307153750000000       0.612307500000000      -0.380242169175313     
  0.307153750000000       0.917461250000000      -0.407757597793336     
  0.307153750000000        1.22261500000000      -0.419701396495457     
  0.307153750000000        1.52776875000000      -0.421089341609302     
  0.307153750000000        1.83292250000000      -0.416221046982341     
  0.307153750000000        2.13807625000000      -0.408338756368816     
  0.307153750000000        2.44323000000000      -0.400115286725287     
  0.307153750000000        2.74838375000000      -0.388168309146498     
  0.307153750000000        3.05353750000000      -0.370550940397164     
  0.307153750000000        3.35869125000000      -0.350302405314272     
  0.307153750000000        3.66384500000000      -0.331243115710210     
  0.307153750000000        3.96899875000000      -0.311629615419442     
  0.307153750000000        4.27415250000000      -0.286767360173140     
  0.307153750000000        4.57930625000000      -0.257517098826347     
  0.307153750000000        4.88446000000000      -0.230512789111474     
  0.307153750000000        5.18961375000000      -0.208960244988854     
  0.307153750000000        5.49476750000000      -0.192621908831661     
  0.307153750000000        5.79992125000000      -0.181375095130959     
  0.307153750000000        6.10507500000000      -0.174067220800078     
  0.307153750000000        6.41022875000000      -0.169199797350998     
  0.307153750000000        6.71538250000000      -0.164670975441172     
  0.307153750000000        7.02053625000000      -0.159375930444119     
  0.307153750000000        7.32569000000000      -0.152263140312672     
  0.612307500000000       2.000000000000000E-003 -0.364020323048698     
  0.612307500000000       0.307153750000000      -0.380241945127563     
  0.612307500000000       0.612307500000000      -0.413071590408150     
  0.612307500000000       0.917461250000000      -0.444871684908008     
  0.612307500000000        1.22261500000000      -0.461349120450620     
  0.612307500000000        1.52776875000000      -0.465043073519759     
  0.612307500000000        1.83292250000000      -0.459829513580122     
  0.612307500000000        2.13807625000000      -0.450649398689390     
  0.612307500000000        2.44323000000000      -0.439025063564887     
  0.612307500000000        2.74838375000000      -0.422292206995559     
  0.612307500000000        3.05353750000000      -0.397326975885863     
  0.612307500000000        3.35869125000000      -0.366852332842663     
  0.612307500000000        3.66384500000000      -0.337106777214874     
  0.612307500000000        3.96899875000000      -0.310892331586102     
  0.612307500000000        4.27415250000000      -0.284812710085729     
  0.612307500000000        4.57930625000000      -0.258380010723641     
  0.612307500000000        4.88446000000000      -0.234518420907913     
  0.612307500000000        5.18961375000000      -0.214634310061364     
  0.612307500000000        5.49476750000000      -0.198699815248415     
  0.612307500000000        5.79992125000000      -0.186930682022793     
  0.612307500000000        6.10507500000000      -0.178608841825339     
  0.612307500000000        6.41022875000000      -0.172408706587578     
  0.612307500000000        6.71538250000000      -0.166681168337188     
  0.612307500000000        7.02053625000000      -0.159563617435639     
  0.612307500000000        7.32569000000000      -0.150436111755457     
  0.917461250000000       2.000000000000000E-003 -0.372831620866082     
  0.917461250000000       0.307153750000000      -0.407757330024300     
  0.917461250000000       0.612307500000000      -0.444871518635355     
  0.917461250000000       0.917461250000000      -0.476851202779459     
  0.917461250000000        1.22261500000000      -0.496182675937899     
  0.917461250000000        1.52776875000000      -0.502376866297779     
  0.917461250000000        1.83292250000000      -0.497849823237014     
  0.917461250000000        2.13807625000000      -0.489269799492401     
  0.917461250000000        2.44323000000000      -0.474312456404221     
  0.917461250000000        2.74838375000000      -0.451552994173495     
  0.917461250000000        3.05353750000000      -0.421425940429586     
  0.917461250000000        3.35869125000000      -0.385320250080038     
  0.917461250000000        3.66384500000000      -0.348542848868007     
  0.917461250000000        3.96899875000000      -0.315240177349882     
  0.917461250000000        4.27415250000000      -0.285916438330274     
  0.917461250000000        4.57930625000000      -0.260320436484496     
  0.917461250000000        4.88446000000000      -0.238266097539463     
  0.917461250000000        5.18961375000000      -0.219504683165067     
  0.917461250000000        5.49476750000000      -0.204050852338019     
  0.917461250000000        5.79992125000000      -0.191905404906359     
  0.917461250000000        6.10507500000000      -0.182643617291958     
  0.917461250000000        6.41022875000000      -0.175152461890750     
  0.917461250000000        6.71538250000000      -0.168097553996713     
  0.917461250000000        7.02053625000000      -0.160054264462891     
  0.917461250000000        7.32569000000000      -0.151198049593214     
   1.22261500000000       2.000000000000000E-003 -0.377152338730840     
   1.22261500000000       0.307153750000000      -0.419701011187322     
   1.22261500000000       0.612307500000000      -0.461348808964215     
   1.22261500000000       0.917461250000000      -0.496182515732361     
   1.22261500000000        1.22261500000000      -0.518918940001411     
   1.22261500000000        1.52776875000000      -0.527973997954863     
   1.22261500000000        1.83292250000000      -0.526895751284853     
   1.22261500000000        2.13807625000000      -0.519375823532237     
   1.22261500000000        2.44323000000000      -0.501285366676464     
   1.22261500000000        2.74838375000000      -0.472701153748616     
   1.22261500000000        3.05353750000000      -0.436735545663258     
   1.22261500000000        3.35869125000000      -0.397220552842032     
   1.22261500000000        3.66384500000000      -0.357458826497466     
   1.22261500000000        3.96899875000000      -0.321008354163927     
   1.22261500000000        4.27415250000000      -0.289888912344314     
   1.22261500000000        4.57930625000000      -0.263966123547793     
   1.22261500000000        4.88446000000000      -0.242189756768203     
   1.22261500000000        5.18961375000000      -0.223860396541329     
   1.22261500000000        5.49476750000000      -0.208575763071394     
   1.22261500000000        5.79992125000000      -0.196026875658569     
   1.22261500000000        6.10507500000000      -0.185785447090245     
   1.22261500000000        6.41022875000000      -0.176987725219655     
   1.22261500000000        6.71538250000000      -0.168719745774632     
   1.22261500000000        7.02053625000000      -0.160284599334176     
   1.22261500000000        7.32569000000000      -0.151838855890705     
   1.52776875000000       2.000000000000000E-003 -0.376794289419393     
   1.52776875000000       0.307153750000000      -0.421088914242683     
   1.52776875000000       0.612307500000000      -0.465042716801348     
   1.52776875000000       0.917461250000000      -0.502376649538291     
   1.52776875000000        1.22261500000000      -0.527973927325655     
   1.52776875000000        1.52776875000000      -0.540892653204356     
   1.52776875000000        1.83292250000000      -0.544828436658152     
   1.52776875000000        2.13807625000000      -0.536725527365585     
   1.52776875000000        2.44323000000000      -0.515471128652830     
   1.52776875000000        2.74838375000000      -0.482997891070085     
   1.52776875000000        3.05353750000000      -0.443432184319908     
   1.52776875000000        3.35869125000000      -0.401441612342158     
   1.52776875000000        3.66384500000000      -0.360933280909167     
   1.52776875000000        3.96899875000000      -0.324537824551908     
   1.52776875000000        4.27415250000000      -0.293415446364790     
   1.52776875000000        4.57930625000000      -0.267401877075736     
   1.52776875000000        4.88446000000000      -0.245709664486529     
   1.52776875000000        5.18961375000000      -0.227537622212289     
   1.52776875000000        5.49476750000000      -0.212238530449307     
   1.52776875000000        5.79992125000000      -0.199268469421755     
   1.52776875000000        6.10507500000000      -0.188113897099628     
   1.52776875000000        6.41022875000000      -0.178189437436592     
   1.52776875000000        6.71538250000000      -0.168978555229487     
   1.52776875000000        7.02053625000000      -0.160213340954918     
   1.52776875000000        7.32569000000000      -0.151978660237306     
   1.83292250000000       2.000000000000000E-003 -0.372677836586034     
   1.83292250000000       0.307153750000000      -0.416220813147383     
   1.83292250000000       0.612307500000000      -0.459829340427310     
   1.83292250000000       0.917461250000000      -0.497849745966600     
   1.83292250000000        1.22261500000000      -0.526895725423463     
   1.83292250000000        1.52776875000000      -0.544828419911373     
   1.83292250000000        1.83292250000000      -0.549192030138844     
   1.83292250000000        2.13807625000000      -0.538722055427604     
   1.83292250000000        2.44323000000000      -0.514531027433477     
   1.83292250000000        2.74838375000000      -0.480069546266689     
   1.83292250000000        3.05353750000000      -0.440004361748439     
   1.83292250000000        3.35869125000000      -0.398810252121110     
   1.83292250000000        3.66384500000000      -0.359816568502066     
   1.83292250000000        3.96899875000000      -0.324934358239623     
   1.83292250000000        4.27415250000000      -0.294847579594439     
   1.83292250000000        4.57930625000000      -0.269413310330892     
   1.83292250000000        4.88446000000000      -0.248077893466187     
   1.83292250000000        5.18961375000000      -0.230146075993170     
   1.83292250000000        5.49476750000000      -0.214895292042667     
   1.83292250000000        5.79992125000000      -0.201643019252262     
   1.83292250000000        6.10507500000000      -0.189824729335954     
   1.83292250000000        6.41022875000000      -0.179050960629620     
   1.83292250000000        6.71538250000000      -0.169124983312076     
   1.83292250000000        7.02053625000000      -0.160036048830301     
   1.83292250000000        7.32569000000000      -0.151845818327607     
   2.13807625000000       2.000000000000000E-003 -0.366851356190584     
   2.13807625000000       0.307153750000000      -0.408338957545055     
   2.13807625000000       0.612307500000000      -0.450649559518412     
   2.13807625000000       0.917461250000000      -0.489269890138392     
   2.13807625000000        1.22261500000000      -0.519375833268444     
   2.13807625000000        1.52776875000000      -0.536725478279352     
   2.13807625000000        1.83292250000000      -0.538722000521389     
   2.13807625000000        2.13807625000000      -0.525345474381126     
   2.13807625000000        2.44323000000000      -0.499254226670849     
   2.13807625000000        2.74838375000000      -0.464849179892588     
   2.13807625000000        3.05353750000000      -0.426806337772106     
   2.13807625000000        3.35869125000000      -0.388864602291241     
   2.13807625000000        3.66384500000000      -0.353362666194594     
   2.13807625000000        3.96899875000000      -0.321423750187579     
   2.13807625000000        4.27415250000000      -0.293397943517129     
   2.13807625000000        4.57930625000000      -0.269248896524170     
   2.13807625000000        4.88446000000000      -0.248714391293124     
   2.13807625000000        5.18961375000000      -0.231303372101173     
   2.13807625000000        5.49476750000000      -0.216325268241906     
   2.13807625000000        5.79992125000000      -0.203047183677377     
   2.13807625000000        6.10507500000000      -0.190910832981861     
   2.13807625000000        6.41022875000000      -0.179664123569019     
   2.13807625000000        6.71538250000000      -0.169325022553646     
   2.13807625000000        7.02053625000000      -0.160022481270526     
   2.13807625000000        7.32569000000000      -0.151820802566763     
   2.44323000000000       2.000000000000000E-003 -0.361245954022383     
   2.44323000000000       0.307153750000000      -0.400115933898026     
   2.44323000000000       0.612307500000000      -0.439025515597044     
   2.44323000000000       0.917461250000000      -0.474312672667339     
   2.44323000000000        1.22261500000000      -0.501285382914276     
   2.44323000000000        1.52776875000000      -0.515471020164108     
   2.44323000000000        1.83292250000000      -0.514530885201314     
   2.44323000000000        2.13807625000000      -0.499254131751647     
   2.44323000000000        2.44323000000000      -0.473128459548626     
   2.44323000000000        2.74838375000000      -0.440859943058898     
   2.44323000000000        3.05353750000000      -0.406711227104574     
   2.44323000000000        3.35869125000000      -0.373496560375872     
   2.44323000000000        3.66384500000000      -0.342561264092032     
   2.44323000000000        3.96899875000000      -0.314355083608734     
   2.44323000000000        4.27415250000000      -0.289018774223604     
   2.44323000000000        4.57930625000000      -0.266677376027503     
   2.44323000000000        4.88446000000000      -0.247362066156559     
   2.44323000000000        5.18961375000000      -0.230795045123913     
   2.44323000000000        5.49476750000000      -0.216360868315613     
   2.44323000000000        5.79992125000000      -0.203337437349489     
   2.44323000000000        6.10507500000000      -0.191214642470191     
   2.44323000000000        6.41022875000000      -0.179860991257199     
   2.44323000000000        6.71538250000000      -0.169432494508825     
   2.44323000000000        7.02053625000000      -0.160135170793446     
   2.44323000000000        7.32569000000000      -0.152030671910663     
   2.74838375000000       2.000000000000000E-003 -0.354086078194797     
   2.74838375000000       0.307153750000000      -0.388169424790086     
   2.74838375000000       0.612307500000000      -0.422292950871659     
   2.74838375000000       0.917461250000000      -0.451553325012101     
   2.74838375000000        1.22261500000000      -0.472701159342684     
   2.74838375000000        1.52776875000000      -0.482997712748077     
   2.74838375000000        1.83292250000000      -0.480069310042901     
   2.74838375000000        2.13807625000000      -0.464848983863519     
   2.74838375000000        2.44323000000000      -0.440859841141949     
   2.74838375000000        2.74838375000000      -0.412485375327095     
   2.74838375000000        3.05353750000000      -0.383308053116050     
   2.74838375000000        3.35869125000000      -0.355302212779304     
   2.74838375000000        3.66384500000000      -0.329078529596124     
   2.74838375000000        3.96899875000000      -0.304671827829476     
   2.74838375000000        4.27415250000000      -0.282175025645301     
   2.74838375000000        4.57930625000000      -0.261895747586212     
   2.74838375000000        4.88446000000000      -0.244087064176026     
   2.74838375000000        5.18961375000000      -0.228620537562331     
   2.74838375000000        5.49476750000000      -0.214953905335817     
   2.74838375000000        5.79992125000000      -0.202421367608320     
   2.74838375000000        6.10507500000000      -0.190606858366809     
   2.74838375000000        6.41022875000000      -0.179501466937929     
   2.74838375000000        6.71538250000000      -0.169311413445625     
   2.74838375000000        7.02053625000000      -0.160323165151456     
   2.74838375000000        7.32569000000000      -0.152627996413380     
   3.05353750000000       2.000000000000000E-003 -0.345570129709743     
   3.05353750000000       0.307153750000000      -0.370552342425987     
   3.05353750000000       0.612307500000000      -0.397327826820543     
   3.05353750000000       0.917461250000000      -0.421426272944462     
   3.05353750000000        1.22261500000000      -0.436735511617481     
   3.05353750000000        1.52776875000000      -0.443431936803159     
   3.05353750000000        1.83292250000000      -0.440004045861526     
   3.05353750000000        2.13807625000000      -0.426806059722556     
   3.05353750000000        2.44323000000000      -0.406711043658933     
   3.05353750000000        2.74838375000000      -0.383307972189564     
   3.05353750000000        3.05353750000000      -0.359393818873232     
   3.05353750000000        3.35869125000000      -0.336327450355569     
   3.05353750000000        3.66384500000000      -0.314336192491063     
   3.05353750000000        3.96899875000000      -0.293331307214113     
   3.05353750000000        4.27415250000000      -0.273505585965808     
   3.05353750000000        4.57930625000000      -0.255331396039239     
   3.05353750000000        4.88446000000000      -0.239169355092917     
   3.05353750000000        5.18961375000000      -0.224944546316913     
   3.05353750000000        5.49476750000000      -0.212168971577576     
   3.05353750000000        5.79992125000000      -0.200274520336471     
   3.05353750000000        6.10507500000000      -0.188993423402330     
   3.05353750000000        6.41022875000000      -0.178415286135630     
   3.05353750000000        6.71538250000000      -0.168734040533067     
   3.05353750000000        7.02053625000000      -0.160446073998409     
   3.05353750000000        7.32569000000000      -0.153576871662007     
   3.35869125000000       2.000000000000000E-003 -0.337593685641770     
   3.35869125000000       0.307153750000000      -0.350303750897326     
   3.35869125000000       0.612307500000000      -0.366853033929325     
   3.35869125000000       0.917461250000000      -0.385320396641303     
   3.35869125000000        1.22261500000000      -0.397220415286087     
   3.35869125000000        1.52776875000000      -0.401441294018549     
   3.35869125000000        1.83292250000000      -0.398809876444534     
   3.35869125000000        2.13807625000000      -0.388864268091149     
   3.35869125000000        2.44323000000000      -0.373496321566919     
   3.35869125000000        2.74838375000000      -0.355302076363074     
   3.35869125000000        3.05353750000000      -0.336327394650946     
   3.35869125000000        3.35869125000000      -0.317547193940544     
   3.35869125000000        3.66384500000000      -0.299101108315602     
   3.35869125000000        3.96899875000000      -0.280992059876655     
   3.35869125000000        4.27415250000000      -0.263588811402520     
   3.35869125000000        4.57930625000000      -0.247466903423900     
   3.35869125000000        4.88446000000000      -0.232977830495445     
   3.35869125000000        5.18961375000000      -0.220020015566182     
   3.35869125000000        5.49476750000000      -0.208149451035097     
   3.35869125000000        5.79992125000000      -0.196934514975713     
   3.35869125000000        6.10507500000000      -0.186299104035299     
   3.35869125000000        6.41022875000000      -0.176375381056016     
   3.35869125000000        6.71538250000000      -0.167455386352614     
   3.35869125000000        7.02053625000000      -0.160337984446169     
   3.35869125000000        7.32569000000000      -0.154633234720730     
   3.66384500000000       2.000000000000000E-003 -0.323222807985640     
   3.66384500000000       0.307153750000000      -0.331244092714892     
   3.66384500000000       0.612307500000000      -0.337107115122829     
   3.66384500000000       0.917461250000000      -0.348542724958754     
   3.66384500000000        1.22261500000000      -0.357458539337579     
   3.66384500000000        1.52776875000000      -0.360932893626411     
   3.66384500000000        1.83292250000000      -0.359816151463144     
   3.66384500000000        2.13807625000000      -0.353362297643837     
   3.66384500000000        2.44323000000000      -0.342560989278167     
   3.66384500000000        2.74838375000000      -0.329078353493696     
   3.66384500000000        3.05353750000000      -0.314336094571845     
   3.66384500000000        3.35869125000000      -0.299101065184791     
   3.66384500000000        3.66384500000000      -0.283603583531553     
   3.66384500000000        3.96899875000000      -0.268032180526033     
   3.66384500000000        4.27415250000000      -0.252894662466777     
   3.66384500000000        4.57930625000000      -0.238763296174053     
   3.66384500000000        4.88446000000000      -0.225895190363665     
   3.66384500000000        5.18961375000000      -0.214132922249111     
   3.66384500000000        5.49476750000000      -0.203093610086166     
   3.66384500000000        5.79992125000000      -0.192510773250831     
   3.66384500000000        6.10507500000000      -0.182493469063843     
   3.66384500000000        6.41022875000000      -0.173280110521525     
   3.66384500000000        6.71538250000000      -0.165308890208714     
   3.66384500000000        7.02053625000000      -0.159491203352060     
   3.66384500000000        7.32569000000000      -0.155114974631606     
   3.96899875000000       2.000000000000000E-003 -0.306423515373493     
   3.96899875000000       0.307153750000000      -0.311629991009328     
   3.96899875000000       0.612307500000000      -0.310892254097582     
   3.96899875000000       0.917461250000000      -0.315239825771422     
   3.96899875000000        1.22261500000000      -0.321007957669483     
   3.96899875000000        1.52776875000000      -0.324537389628539     
   3.96899875000000        1.83292250000000      -0.324933923019564     
   3.96899875000000        2.13807625000000      -0.321423368836320     
   3.96899875000000        2.44323000000000      -0.314354788726651     
   3.96899875000000        2.74838375000000      -0.304671621187934     
   3.96899875000000        3.05353750000000      -0.293331170861804     
   3.96899875000000        3.35869125000000      -0.280991974596709     
   3.96899875000000        3.66384500000000      -0.268032137506885     
   3.96899875000000        3.96899875000000      -0.254816919730835     
   3.96899875000000        4.27415250000000      -0.241867640194482     
   3.96899875000000        4.57930625000000      -0.229639624879957     
   3.96899875000000        4.88446000000000      -0.218265831583148     
   3.96899875000000        5.18961375000000      -0.207559582042712     
   3.96899875000000        5.49476750000000      -0.197238987111673     
   3.96899875000000        5.79992125000000      -0.187212315974836     
   3.96899875000000        6.10507500000000      -0.177727291402787     
   3.96899875000000        6.41022875000000      -0.169192569550150     
   3.96899875000000        6.71538250000000      -0.162130164331812     
   3.96899875000000        7.02053625000000      -0.156920041645519     
   3.96899875000000        7.32569000000000      -0.152228414123228     
   4.27415250000000       2.000000000000000E-003 -0.283006554776989     
   4.27415250000000       0.307153750000000      -0.286767250894970     
   4.27415250000000       0.612307500000000      -0.284812344413551     
   4.27415250000000       0.917461250000000      -0.285915981737329     
   4.27415250000000        1.22261500000000      -0.289888471263743     
   4.27415250000000        1.52776875000000      -0.293415006624977     
   4.27415250000000        1.83292250000000      -0.294847163017020     
   4.27415250000000        2.13807625000000      -0.293397581026484     
   4.27415250000000        2.44323000000000      -0.289018483232472     
   4.27415250000000        2.74838375000000      -0.282174803283161     
   4.27415250000000        3.05353750000000      -0.273505417644982     
   4.27415250000000        3.35869125000000      -0.263588684733664     
   4.27415250000000        3.66384500000000      -0.252894574770467     
   4.27415250000000        3.96899875000000      -0.241867595393744     
   4.27415250000000        4.27415250000000      -0.230946563197691     
   4.27415250000000        4.57930625000000      -0.220426352645398     
   4.27415250000000        4.88446000000000      -0.210340505823806     
   4.27415250000000        5.18961375000000      -0.200527243200660     
   4.27415250000000        5.49476750000000      -0.190838641886181     
   4.27415250000000        5.79992125000000      -0.181341067011991     
   4.27415250000000        6.10507500000000      -0.172360678290499     
   4.27415250000000        6.41022875000000      -0.164350418203750     
   4.27415250000000        6.71538250000000      -0.157827000190781     
   4.27415250000000        7.02053625000000      -0.152879230749613     
   4.27415250000000        7.32569000000000      -0.148363002908774     
   4.57930625000000       2.000000000000000E-003 -0.252016234655577     
   4.57930625000000       0.307153750000000      -0.257516672327842     
   4.57930625000000       0.612307500000000      -0.258379507708476     
   4.57930625000000       0.917461250000000      -0.260319965838262     
   4.57930625000000        1.22261500000000      -0.263965696347412     
   4.57930625000000        1.52776875000000      -0.267401487422272     
   4.57930625000000        1.83292250000000      -0.269412962283990     
   4.57930625000000        2.13807625000000      -0.269248597474237     
   4.57930625000000        2.44323000000000      -0.266677126265609     
   4.57930625000000        2.74838375000000      -0.261895537600099     
   4.57930625000000        3.05353750000000      -0.255331213962656     
   4.57930625000000        3.35869125000000      -0.247466745202761     
   4.57930625000000        3.66384500000000      -0.238763168683382     
   4.57930625000000        3.96899875000000      -0.229639539174615     
   4.57930625000000        4.27415250000000      -0.220426313394448     
   4.57930625000000        4.57930625000000      -0.211297005164154     
   4.57930625000000        4.88446000000000      -0.202250004887283     
   4.57930625000000        5.18961375000000      -0.193198767107594     
   4.57930625000000        5.49476750000000      -0.184131152216526     
   4.57930625000000        5.79992125000000      -0.175222528676642     
   4.57930625000000        6.10507500000000      -0.166813141956854     
   4.57930625000000        6.41022875000000      -0.159257975918217     
   4.57930625000000        6.71538250000000      -0.152866342044598     
   4.57930625000000        7.02053625000000      -0.147643756849407     
   4.57930625000000        7.32569000000000      -0.142767175278640     
   4.88446000000000       2.000000000000000E-003 -0.223719777451290     
   4.88446000000000       0.307153750000000      -0.230512186923557     
   4.88446000000000       0.612307500000000      -0.234517873513491     
   4.88446000000000       0.917461250000000      -0.238265642826851     
   4.88446000000000        1.22261500000000      -0.242189393677333     
   4.88446000000000        1.52776875000000      -0.245709376111665     
   4.88446000000000        1.83292250000000      -0.248077662057620     
   4.88446000000000        2.13807625000000      -0.248714200754735     
   4.88446000000000        2.44323000000000      -0.247361898795887     
   4.88446000000000        2.74838375000000      -0.244086901564617     
   4.88446000000000        3.05353750000000      -0.239169185862194     
   4.88446000000000        3.35869125000000      -0.232977658526565     
   4.88446000000000        3.66384500000000      -0.225895034361230     
   4.88446000000000        3.96899875000000      -0.218265713985185     
   4.88446000000000        4.27415250000000      -0.210340438396344     
   4.88446000000000        4.57930625000000      -0.202249981315955     
   4.88446000000000        4.88446000000000      -0.194028012164934     
   4.88446000000000        5.18961375000000      -0.185687646094904     
   4.88446000000000        5.49476750000000      -0.177318447688450     
   4.88446000000000        5.79992125000000      -0.169131327047646     
   4.88446000000000        6.10507500000000      -0.161408526625874     
   4.88446000000000        6.41022875000000      -0.154388609886967     
   4.88446000000000        6.71538250000000      -0.148168117419985     
   4.88446000000000        7.02053625000000      -0.142660362388053     
   4.88446000000000        7.32569000000000      -0.137527352590047     
   5.18961375000000       2.000000000000000E-003 -0.201811522449265     
   5.18961375000000       0.307153750000000      -0.208959543867123     
   5.18961375000000       0.612307500000000      -0.214633727911458     
   5.18961375000000       0.917461250000000      -0.219504261581721     
   5.18961375000000        1.22261500000000      -0.223860124268558     
   5.18961375000000        1.52776875000000      -0.227537461567131     
   5.18961375000000        1.83292250000000      -0.230145985616740     
   5.18961375000000        2.13807625000000      -0.231303314396305     
   5.18961375000000        2.44323000000000      -0.230794985560650     
   5.18961375000000        2.74838375000000      -0.228620447363190     
   5.18961375000000        3.05353750000000      -0.224944411694761     
   5.18961375000000        3.35869125000000      -0.220019846201808     
   5.18961375000000        3.66384500000000      -0.214132749024489     
   5.18961375000000        3.96899875000000      -0.207559441714299     
   5.18961375000000        4.27415250000000      -0.200527158728212     
   5.18961375000000        4.57930625000000      -0.193198736558438     
   5.18961375000000        4.88446000000000      -0.185687646388102     
   5.18961375000000        5.18961375000000      -0.178096854272907     
   5.18961375000000        5.49476750000000      -0.170560381300648     
   5.18961375000000        5.79992125000000      -0.163251276323748     
   5.18961375000000        6.10507500000000      -0.156341336751358     
   5.18961375000000        6.41022875000000      -0.149940106943386     
   5.18961375000000        6.71538250000000      -0.144060534254885     
   5.18961375000000        7.02053625000000      -0.138630977067663     
   5.18961375000000        7.32569000000000      -0.133535935168024     
   5.49476750000000       2.000000000000000E-003 -0.185932147619367     
   5.49476750000000       0.307153750000000      -0.192621078077435     
   5.49476750000000       0.612307500000000      -0.198699144979934     
   5.49476750000000       0.917461250000000      -0.204050432661956     
   5.49476750000000        1.22261500000000      -0.208575569974666     
   5.49476750000000        1.52776875000000      -0.212238488504092     
   5.49476750000000        1.83292250000000      -0.214895331530984     
   5.49476750000000        2.13807625000000      -0.216325333231374     
   5.49476750000000        2.44323000000000      -0.216360911332186     
   5.49476750000000        2.74838375000000      -0.214953888185180     
   5.49476750000000        3.05353750000000      -0.212168876148281     
   5.49476750000000        3.35869125000000      -0.208149290170140     
   5.49476750000000        3.66384500000000      -0.203093425596848     
   5.49476750000000        3.96899875000000      -0.197238830856561     
   5.49476750000000        4.27415250000000      -0.190838549903639     
   5.49476750000000        4.57930625000000      -0.184131128913872     
   5.49476750000000        4.88446000000000      -0.177318468952726     
   5.49476750000000        5.18961375000000      -0.170560410103182     
   5.49476750000000        5.49476750000000      -0.163980206336459     
   5.49476750000000        5.79992125000000      -0.157666403213341     
   5.49476750000000        6.10507500000000      -0.151664343920066     
   5.49476750000000        6.41022875000000      -0.145968833534085     
   5.49476750000000        6.71538250000000      -0.140560631576433     
   5.49476750000000        7.02053625000000      -0.135454098876872     
   5.49476750000000        7.32569000000000      -0.130646183252544     
   5.79992125000000       2.000000000000000E-003 -0.175615341670845     
   5.79992125000000       0.307153750000000      -0.181374383479732     
   5.79992125000000       0.612307500000000      -0.186930102529828     
   5.79992125000000       0.917461250000000      -0.191905019951502     
   5.79992125000000        1.22261500000000      -0.196026731813217     
   5.79992125000000        1.52776875000000      -0.199268520322699     
   5.79992125000000        1.83292250000000      -0.201643153990758     
   5.79992125000000        2.13807625000000      -0.203047332653652     
   5.79992125000000        2.44323000000000      -0.203337548200518     
   5.79992125000000        2.74838375000000      -0.202421397643731     
   5.79992125000000        3.05353750000000      -0.200274448001739     
   5.79992125000000        3.35869125000000      -0.196934354738055     
   5.79992125000000        3.66384500000000      -0.192510576703421     
   5.79992125000000        3.96899875000000      -0.187212150248906     
   5.79992125000000        4.27415250000000      -0.181340980160441     
   5.79992125000000        4.57930625000000      -0.175222528922668     
   5.79992125000000        4.88446000000000      -0.169131388535229     
   5.79992125000000        5.18961375000000      -0.163251358706500     
   5.79992125000000        5.49476750000000      -0.157666466311702     
   5.79992125000000        5.79992125000000      -0.152376438787093     
   5.79992125000000        6.10507500000000      -0.147324261611450     
   5.79992125000000        6.41022875000000      -0.142502318045409     
   5.79992125000000        6.71538250000000      -0.137860225012085     
   5.79992125000000        7.02053625000000      -0.133344910372131     
   5.79992125000000        7.32569000000000      -0.128945928003480     
   6.10507500000000       2.000000000000000E-003 -0.169645677357918     
   6.10507500000000       0.307153750000000      -0.174066780311947     
   6.10507500000000       0.612307500000000      -0.178608550036902     
   6.10507500000000       0.917461250000000      -0.182643460714634     
   6.10507500000000        1.22261500000000      -0.185785451364965     
   6.10507500000000        1.52776875000000      -0.188114049411391     
   6.10507500000000        1.83292250000000      -0.189824933465903     
   6.10507500000000        2.13807625000000      -0.190911020710319     
   6.10507500000000        2.44323000000000      -0.191214772011749     
   6.10507500000000        2.74838375000000      -0.190606892489259     
   6.10507500000000        3.05353750000000      -0.188993341283803     
   6.10507500000000        3.35869125000000      -0.186298918937594     
   6.10507500000000        3.66384500000000      -0.182493236776499     
   6.10507500000000        3.96899875000000      -0.177727119454966     
   6.10507500000000        4.27415250000000      -0.172360618824510     
   6.10507500000000        4.57930625000000      -0.166813192184754     
   6.10507500000000        4.88446000000000      -0.161408652060232     
   6.10507500000000        5.18961375000000      -0.156341498311501     
   6.10507500000000        5.49476750000000      -0.151664510439635     
   6.10507500000000        5.79992125000000      -0.147324394906252     
   6.10507500000000        6.10507500000000      -0.143320753509377     
   6.10507500000000        6.41022875000000      -0.139531731696086     
   6.10507500000000        6.71538250000000      -0.135798068990307     
   6.10507500000000        7.02053625000000      -0.132024343080862     
   6.10507500000000        7.32569000000000      -0.128132772128859     
   6.41022875000000       2.000000000000000E-003 -0.166602931083254     
   6.41022875000000       0.307153750000000      -0.169199582934265     
   6.41022875000000       0.612307500000000      -0.172408708245563     
   6.41022875000000       0.917461250000000      -0.175152578848263     
   6.41022875000000        1.22261500000000      -0.176987955687401     
   6.41022875000000        1.52776875000000      -0.178189750910588     
   6.41022875000000        1.83292250000000      -0.179051243555119     
   6.41022875000000        2.13807625000000      -0.179664318655545     
   6.41022875000000        2.44323000000000      -0.179861092644877     
   6.41022875000000        2.74838375000000      -0.179501456208045     
   6.41022875000000        3.05353750000000      -0.178415114596901     
   6.41022875000000        3.35869125000000      -0.176375035434820     
   6.41022875000000        3.66384500000000      -0.173279710663347     
   6.41022875000000        3.96899875000000      -0.169192292163388     
   6.41022875000000        4.27415250000000      -0.164350385337109     
   6.41022875000000        4.57930625000000      -0.159258120009488     
   6.41022875000000        4.88446000000000      -0.154388828198784     
   6.41022875000000        5.18961375000000      -0.149940372042699     
   6.41022875000000        5.49476750000000      -0.145969149923299     
   6.41022875000000        5.79992125000000      -0.142502636357809     
   6.41022875000000        6.10507500000000      -0.139531917246590     
   6.41022875000000        6.41022875000000      -0.136769788480925     
   6.41022875000000        6.71538250000000      -0.133962173848529     
   6.41022875000000        7.02053625000000      -0.131043630091332     
   6.41022875000000        7.32569000000000      -0.127854127226512     
   6.71538250000000       2.000000000000000E-003 -0.164348058806084     
   6.71538250000000       0.307153750000000      -0.164670890527302     
   6.71538250000000       0.612307500000000      -0.166681388778971     
   6.71538250000000       0.917461250000000      -0.168097889724517     
   6.71538250000000        1.22261500000000      -0.168720183046059     
   6.71538250000000        1.52776875000000      -0.168979037106203     
   6.71538250000000        1.83292250000000      -0.169125365806760     
   6.71538250000000        2.13807625000000      -0.169325208603566     
   6.71538250000000        2.44323000000000      -0.169432530439260     
   6.71538250000000        2.74838375000000      -0.169311297091899     
   6.71538250000000        3.05353750000000      -0.168733742910321     
   6.71538250000000        3.35869125000000      -0.167454992677552     
   6.71538250000000        3.66384500000000      -0.165308537830365     
   6.71538250000000        3.96899875000000      -0.162129947064801     
   6.71538250000000        4.27415250000000      -0.157827048820655     
   6.71538250000000        4.57930625000000      -0.152866619318378     
   6.71538250000000        4.88446000000000      -0.148168450488660     
   6.71538250000000        5.18961375000000      -0.144060907387075     
   6.71538250000000        5.49476750000000      -0.140561109156060     
   6.71538250000000        5.79992125000000      -0.137860704560925     
   6.71538250000000        6.10507500000000      -0.135798429681523     
   6.71538250000000        6.41022875000000      -0.133962380995952     
   6.71538250000000        6.71538250000000      -0.131875312071960     
   6.71538250000000        7.02053625000000      -0.129681658947676     
   6.71538250000000        7.32569000000000      -0.127592319132093     
   7.02053625000000       2.000000000000000E-003 -0.159256798990358     
   7.02053625000000       0.307153750000000      -0.159376202538535     
   7.02053625000000       0.612307500000000      -0.159564163341200     
   7.02053625000000       0.917461250000000      -0.160054815395720     
   7.02053625000000        1.22261500000000      -0.160285191179261     
   7.02053625000000        1.52776875000000      -0.160213932489701     
   7.02053625000000        1.83292250000000      -0.160036491211098     
   7.02053625000000        2.13807625000000      -0.160022641713218     
   7.02053625000000        2.44323000000000      -0.160135115614476     
   7.02053625000000        2.74838375000000      -0.160322900428103     
   7.02053625000000        3.05353750000000      -0.160445638009361     
   7.02053625000000        3.35869125000000      -0.160337578171115     
   7.02053625000000        3.66384500000000      -0.159490966547957     
   7.02053625000000        3.96899875000000      -0.156919965099256     
   7.02053625000000        4.27415250000000      -0.152879424704157     
   7.02053625000000        4.57930625000000      -0.147644159905217     
   7.02053625000000        4.88446000000000      -0.142660793014511     
   7.02053625000000        5.18961375000000      -0.138631414307795     
   7.02053625000000        5.49476750000000      -0.135454649554970     
   7.02053625000000        5.79992125000000      -0.133345461910536     
   7.02053625000000        6.10507500000000      -0.132024820828502     
   7.02053625000000        6.41022875000000      -0.131044064497331     
   7.02053625000000        6.71538250000000      -0.129682086203085     
   7.02053625000000        7.02053625000000      -0.127853078582651     
   7.02053625000000        7.32569000000000      -0.126556270391245     
   7.32569000000000       2.000000000000000E-003 -0.152607074168684     
   7.32569000000000       0.307153750000000      -0.152264075404092     
   7.32569000000000       0.612307500000000      -0.150437103546040     
   7.32569000000000       0.917461250000000      -0.151198802784158     
   7.32569000000000        1.22261500000000      -0.151839521072910     
   7.32569000000000        1.52776875000000      -0.151979265326589     
   7.32569000000000        1.83292250000000      -0.151846240983897     
   7.32569000000000        2.13807625000000      -0.151820915700948     
   7.32569000000000        2.44323000000000      -0.152030527775487     
   7.32569000000000        2.74838375000000      -0.152627587932423     
   7.32569000000000        3.05353750000000      -0.153576309643487     
   7.32569000000000        3.35869125000000      -0.154632786331803     
   7.32569000000000        3.66384500000000      -0.155114685564018     
   7.32569000000000        3.96899875000000      -0.152228474422007     
   7.32569000000000        4.27415250000000      -0.148363315025502     
   7.32569000000000        4.57930625000000      -0.142767605729240     
   7.32569000000000        4.88446000000000      -0.137527785547189     
   7.32569000000000        5.18961375000000      -0.133536337536532     
   7.32569000000000        5.49476750000000      -0.130646663270616     
   7.32569000000000        5.79992125000000      -0.128946408709939     
   7.32569000000000        6.10507500000000      -0.128133227582665     
   7.32569000000000        6.41022875000000      -0.127854654837431     
   7.32569000000000        6.71538250000000      -0.127593087511888     
   7.32569000000000        7.02053625000000      -0.126556964646502     
   7.32569000000000        7.32569000000000      -0.123516319088759     
