  2.000000000000000E-003  2.000000000000000E-003 -0.213701183957010     
  2.000000000000000E-003  0.307153750000000      -0.215769784186307     
  2.000000000000000E-003  0.612307500000000      -0.215563304485933     
  2.000000000000000E-003  0.917461250000000      -0.217255346558981     
  2.000000000000000E-003   1.22261500000000      -0.218273816826281     
  2.000000000000000E-003   1.52776875000000      -0.218327443942289     
  2.000000000000000E-003   1.83292250000000      -0.217787117698895     
  2.000000000000000E-003   2.13807625000000      -0.217288135958392     
  2.000000000000000E-003   2.44323000000000      -0.217051970607227     
  2.000000000000000E-003   2.74838375000000      -0.217127250283039     
  2.000000000000000E-003   3.05353750000000      -0.217074644637186     
  2.000000000000000E-003   3.35869125000000      -0.215936346100773     
  2.000000000000000E-003   3.66384500000000      -0.212667898302621     
  2.000000000000000E-003   3.96899875000000      -0.206893395483917     
  2.000000000000000E-003   4.27415250000000      -0.198836652865613     
  2.000000000000000E-003   4.57930625000000      -0.187041103057318     
  2.000000000000000E-003   4.88446000000000      -0.175761946210328     
  2.000000000000000E-003   5.18961375000000      -0.166854451030931     
  2.000000000000000E-003   5.49476750000000      -0.160206666205889     
  2.000000000000000E-003   5.79992125000000      -0.155764565959835     
  2.000000000000000E-003   6.10507500000000      -0.152977725202319     
  2.000000000000000E-003   6.41022875000000      -0.151266974400821     
  2.000000000000000E-003   6.71538250000000      -0.149758169490148     
  2.000000000000000E-003   7.02053625000000      -0.146842093017194     
  2.000000000000000E-003   7.32569000000000      -0.141913494465746     
  0.307153750000000       2.000000000000000E-003 -0.225871344860148     
  0.307153750000000       0.307153750000000      -0.227102913453218     
  0.307153750000000       0.612307500000000      -0.228963883738812     
  0.307153750000000       0.917461250000000      -0.233276227497058     
  0.307153750000000        1.22261500000000      -0.235483982530676     
  0.307153750000000        1.52776875000000      -0.235929040847216     
  0.307153750000000        1.83292250000000      -0.235443543570337     
  0.307153750000000        2.13807625000000      -0.234749583854580     
  0.307153750000000        2.44323000000000      -0.233953853118534     
  0.307153750000000        2.74838375000000      -0.232620575112949     
  0.307153750000000        3.05353750000000      -0.229845034399762     
  0.307153750000000        3.35869125000000      -0.225003376577386     
  0.307153750000000        3.66384500000000      -0.218883474211365     
  0.307153750000000        3.96899875000000      -0.212811803079224     
  0.307153750000000        4.27415250000000      -0.204701794554015     
  0.307153750000000        4.57930625000000      -0.193863306023311     
  0.307153750000000        4.88446000000000      -0.183214559993013     
  0.307153750000000        5.18961375000000      -0.174326737535436     
  0.307153750000000        5.49476750000000      -0.167197658596562     
  0.307153750000000        5.79992125000000      -0.162013582641186     
  0.307153750000000        6.10507500000000      -0.158265126312467     
  0.307153750000000        6.41022875000000      -0.155270310909167     
  0.307153750000000        6.71538250000000      -0.151965197056629     
  0.307153750000000        7.02053625000000      -0.148103129599697     
  0.307153750000000        7.32569000000000      -0.144809871920716     
  0.612307500000000       2.000000000000000E-003 -0.236281993009421     
  0.612307500000000       0.307153750000000      -0.242669602211242     
  0.612307500000000       0.612307500000000      -0.247258723280065     
  0.612307500000000       0.917461250000000      -0.251653269683409     
  0.612307500000000        1.22261500000000      -0.254349585674822     
  0.612307500000000        1.52776875000000      -0.255388713243587     
  0.612307500000000        1.83292250000000      -0.255258462800104     
  0.612307500000000        2.13807625000000      -0.254549914299071     
  0.612307500000000        2.44323000000000      -0.253112429127162     
  0.612307500000000        2.74838375000000      -0.250372402184736     
  0.612307500000000        3.05353750000000      -0.245219318855048     
  0.612307500000000        3.35869125000000      -0.237301571509937     
  0.612307500000000        3.66384500000000      -0.228208853969982     
  0.612307500000000        3.96899875000000      -0.219729374906353     
  0.612307500000000        4.27415250000000      -0.210683385247878     
  0.612307500000000        4.57930625000000      -0.200541822792932     
  0.612307500000000        4.88446000000000      -0.190747249019738     
  0.612307500000000        5.18961375000000      -0.181970475212965     
  0.612307500000000        5.49476750000000      -0.174440616146181     
  0.612307500000000        5.79992125000000      -0.168402951504360     
  0.612307500000000        6.10507500000000      -0.163497939414434     
  0.612307500000000        6.41022875000000      -0.159153388222709     
  0.612307500000000        6.71538250000000      -0.154700812671095     
  0.612307500000000        7.02053625000000      -0.150108635280755     
  0.612307500000000        7.32569000000000      -0.145521587483231     
  0.917461250000000       2.000000000000000E-003 -0.244258783878831     
  0.917461250000000       0.307153750000000      -0.254922586404177     
  0.917461250000000       0.612307500000000      -0.263220949165993     
  0.917461250000000       0.917461250000000      -0.269514989684471     
  0.917461250000000        1.22261500000000      -0.273804074561284     
  0.917461250000000        1.52776875000000      -0.276144317515539     
  0.917461250000000        1.83292250000000      -0.276830216920740     
  0.917461250000000        2.13807625000000      -0.276419864977360     
  0.917461250000000        2.44323000000000      -0.274454458275661     
  0.917461250000000        2.74838375000000      -0.270414175083601     
  0.917461250000000        3.05353750000000      -0.263743407431663     
  0.917461250000000        3.35869125000000      -0.254219981674943     
  0.917461250000000        3.66384500000000      -0.242940543040481     
  0.917461250000000        3.96899875000000      -0.231374146261000     
  0.917461250000000        4.27415250000000      -0.220008624317923     
  0.917461250000000        4.57930625000000      -0.209119373171272     
  0.917461250000000        4.88446000000000      -0.199073487218486     
  0.917461250000000        5.18961375000000      -0.189930358486086     
  0.917461250000000        5.49476750000000      -0.181769132573924     
  0.917461250000000        5.79992125000000      -0.174712911922693     
  0.917461250000000        6.10507500000000      -0.168511906718858     
  0.917461250000000        6.41022875000000      -0.162813021336204     
  0.917461250000000        6.71538250000000      -0.157304133622086     
  0.917461250000000        7.02053625000000      -0.151788828377077     
  0.917461250000000        7.32569000000000      -0.146098945521543     
   1.22261500000000       2.000000000000000E-003 -0.253420969747656     
   1.22261500000000       0.307153750000000      -0.266480855825057     
   1.22261500000000       0.612307500000000      -0.277951298839058     
   1.22261500000000       0.917461250000000      -0.287346898337915     
   1.22261500000000        1.22261500000000      -0.294296173349649     
   1.22261500000000        1.52776875000000      -0.298569463107778     
   1.22261500000000        1.83292250000000      -0.300461334820991     
   1.22261500000000        2.13807625000000      -0.300262731853439     
   1.22261500000000        2.44323000000000      -0.297555497435356     
   1.22261500000000        2.74838375000000      -0.292097522351082     
   1.22261500000000        3.05353750000000      -0.283766972108310     
   1.22261500000000        3.35869125000000      -0.272690899076500     
   1.22261500000000        3.66384500000000      -0.259518425330040     
   1.22261500000000        3.96899875000000      -0.245467407183542     
   1.22261500000000        4.27415250000000      -0.231784690894267     
   1.22261500000000        4.57930625000000      -0.219274756603549     
   1.22261500000000        4.88446000000000      -0.208133551472723     
   1.22261500000000        5.18961375000000      -0.198160866223369     
   1.22261500000000        5.49476750000000      -0.189072362879594     
   1.22261500000000        5.79992125000000      -0.180786627299243     
   1.22261500000000        6.10507500000000      -0.173182643888645     
   1.22261500000000        6.41022875000000      -0.166069397184287     
   1.22261500000000        6.71538250000000      -0.159363399199905     
   1.22261500000000        7.02053625000000      -0.152945496748027     
   1.22261500000000        7.32569000000000      -0.146665711389236     
   1.52776875000000       2.000000000000000E-003 -0.266077178588135     
   1.52776875000000       0.307153750000000      -0.281130669131097     
   1.52776875000000       0.612307500000000      -0.295415288592736     
   1.52776875000000       0.917461250000000      -0.308108406714512     
   1.52776875000000        1.22261500000000      -0.318109551608459     
   1.52776875000000        1.52776875000000      -0.324609831415376     
   1.52776875000000        1.83292250000000      -0.327498010736575     
   1.52776875000000        2.13807625000000      -0.326625605167133     
   1.52776875000000        2.44323000000000      -0.322239556352511     
   1.52776875000000        2.74838375000000      -0.314729851730166     
   1.52776875000000        3.05353750000000      -0.304363189637800     
   1.52776875000000        3.35869125000000      -0.291371124165302     
   1.52776875000000        3.66384500000000      -0.276302350275533     
   1.52776875000000        3.96899875000000      -0.260225290918926     
   1.52776875000000        4.27415250000000      -0.244479617000709     
   1.52776875000000        4.57930625000000      -0.230125546238301     
   1.52776875000000        4.88446000000000      -0.217537609084925     
   1.52776875000000        5.18961375000000      -0.206427989717299     
   1.52776875000000        5.49476750000000      -0.196247102275960     
   1.52776875000000        5.79992125000000      -0.186640413527328     
   1.52776875000000        6.10507500000000      -0.177591667105045     
   1.52776875000000        6.41022875000000      -0.169119252843203     
   1.52776875000000        6.71538250000000      -0.161299879158208     
   1.52776875000000        7.02053625000000      -0.154130413882318     
   1.52776875000000        7.32569000000000      -0.147466692641402     
   1.83292250000000       2.000000000000000E-003 -0.283911561724365     
   1.83292250000000       0.307153750000000      -0.301437500461079     
   1.83292250000000       0.612307500000000      -0.318852148551247     
   1.83292250000000       0.917461250000000      -0.335145884808757     
   1.83292250000000        1.22261500000000      -0.348489331277937     
   1.83292250000000        1.52776875000000      -0.357095086398455     
   1.83292250000000        1.83292250000000      -0.359816151463143     
   1.83292250000000        2.13807625000000      -0.356720249345105     
   1.83292250000000        2.44323000000000      -0.348963671456632     
   1.83292250000000        2.74838375000000      -0.337985909102519     
   1.83292250000000        3.05353750000000      -0.324733339951244     
   1.83292250000000        3.35869125000000      -0.309540433393320     
   1.83292250000000        3.66384500000000      -0.292651430839252     
   1.83292250000000        3.96899875000000      -0.274779602657123     
   1.83292250000000        4.27415250000000      -0.257141088472177     
   1.83292250000000        4.57930625000000      -0.240941653058546     
   1.83292250000000        4.88446000000000      -0.226766358755391     
   1.83292250000000        5.18961375000000      -0.214379747391320     
   1.83292250000000        5.49476750000000      -0.203083393844228     
   1.83292250000000        5.79992125000000      -0.192307835094890     
   1.83292250000000        6.10507500000000      -0.181954488369851     
   1.83292250000000        6.41022875000000      -0.172272991600590     
   1.83292250000000        6.71538250000000      -0.163511986148653     
   1.83292250000000        7.02053625000000      -0.155733303355146     
   1.83292250000000        7.32569000000000      -0.148757649744682     
   2.13807625000000       2.000000000000000E-003 -0.308698662951471     
   2.13807625000000       0.307153750000000      -0.329581876391415     
   2.13807625000000       0.612307500000000      -0.350702817412817     
   2.13807625000000       0.917461250000000      -0.370960150326252     
   2.13807625000000        1.22261500000000      -0.387637849271538     
   2.13807625000000        1.52776875000000      -0.397599807613646     
   2.13807625000000        1.83292250000000      -0.398855244172693     
   2.13807625000000        2.13807625000000      -0.391691954152939     
   2.13807625000000        2.44323000000000      -0.378445001197500     
   2.13807625000000        2.74838375000000      -0.362050025517378     
   2.13807625000000        3.05353750000000      -0.344517659567373     
   2.13807625000000        3.35869125000000      -0.326426972800544     
   2.13807625000000        3.66384500000000      -0.307604127093703     
   2.13807625000000        3.96899875000000      -0.288150311140919     
   2.13807625000000        4.27415250000000      -0.268892254455505     
   2.13807625000000        4.57930625000000      -0.251015673304696     
   2.13807625000000        4.88446000000000      -0.235298644644451     
   2.13807625000000        5.18961375000000      -0.221646586983452     
   2.13807625000000        5.49476750000000      -0.209317432768981     
   2.13807625000000        5.79992125000000      -0.197585744305962     
   2.13807625000000        6.10507500000000      -0.186259280078744     
   2.13807625000000        6.41022875000000      -0.175667797992677     
   2.13807625000000        6.71538250000000      -0.166234117715010     
   2.13807625000000        7.02053625000000      -0.158055895634078     
   2.13807625000000        7.32569000000000      -0.150833886997238     
   2.44323000000000       2.000000000000000E-003 -0.341896903171466     
   2.44323000000000       0.307153750000000      -0.366891690767696     
   2.44323000000000       0.612307500000000      -0.392352390637636     
   2.44323000000000       0.917461250000000      -0.416360024291040     
   2.44323000000000        1.22261500000000      -0.435490465730643     
   2.44323000000000        1.52776875000000      -0.445728136466139     
   2.44323000000000        1.83292250000000      -0.444204779538463     
   2.44323000000000        2.13807625000000      -0.431296102924624     
   2.44323000000000        2.44323000000000      -0.410612386423788     
   2.44323000000000        2.74838375000000      -0.386895876548835     
   2.44323000000000        3.05353750000000      -0.363572854285754     
   2.44323000000000        3.35869125000000      -0.341679834092891     
   2.44323000000000        3.66384500000000      -0.320615895410962     
   2.44323000000000        3.96899875000000      -0.299685400192347     
   2.44323000000000        4.27415250000000      -0.279085153471284     
   2.44323000000000        4.57930625000000      -0.259796412756699     
   2.44323000000000        4.88446000000000      -0.242717723698428     
   2.44323000000000        5.18961375000000      -0.227926745604358     
   2.44323000000000        5.49476750000000      -0.214715521687863     
   2.44323000000000        5.79992125000000      -0.202258975932186     
   2.44323000000000        6.10507500000000      -0.190269971907210     
   2.44323000000000        6.41022875000000      -0.179103203780822     
   2.44323000000000        6.71538250000000      -0.169296489832124     
   2.44323000000000        7.02053625000000      -0.160983621980122     
   2.44323000000000        7.32569000000000      -0.153679652300174     
   2.74838375000000       2.000000000000000E-003 -0.385856309755292     
   2.74838375000000       0.307153750000000      -0.415376109236402     
   2.74838375000000       0.612307500000000      -0.445696726179697     
   2.74838375000000       0.917461250000000      -0.471995613589815     
   2.74838375000000        1.22261500000000      -0.489759964228500     
   2.74838375000000        1.52776875000000      -0.497985733445724     
   2.74838375000000        1.83292250000000      -0.492368605915130     
   2.74838375000000        2.13807625000000      -0.472686239594621     
   2.74838375000000        2.44323000000000      -0.443514403380500     
   2.74838375000000        2.74838375000000      -0.411393116436398     
   2.74838375000000        3.05353750000000      -0.381325433828381     
   2.74838375000000        3.35869125000000      -0.354990988131945     
   2.74838375000000        3.66384500000000      -0.331425272175163     
   2.74838375000000        3.96899875000000      -0.309062147672550     
   2.74838375000000        4.27415250000000      -0.287346987081952     
   2.74838375000000        4.57930625000000      -0.266932166479864     
   2.74838375000000        4.88446000000000      -0.248743789083961     
   2.74838375000000        5.18961375000000      -0.233011410258169     
   2.74838375000000        5.49476750000000      -0.219102251776407     
   2.74838375000000        5.79992125000000      -0.206140307595366     
   2.74838375000000        6.10507500000000      -0.193760291784986     
   2.74838375000000        6.41022875000000      -0.182336768624852     
   2.74838375000000        6.71538250000000      -0.172523629158747     
   2.74838375000000        7.02053625000000      -0.164490044808911     
   2.74838375000000        7.32569000000000      -0.157461643305718     
   3.05353750000000       2.000000000000000E-003 -0.434499323752111     
   3.05353750000000       0.307153750000000      -0.468451889292800     
   3.05353750000000       0.612307500000000      -0.503129754096014     
   3.05353750000000       0.917461250000000      -0.533046832545848     
   3.05353750000000        1.22261500000000      -0.545020187876679     
   3.05353750000000        1.52776875000000      -0.547304619262731     
   3.05353750000000        1.83292250000000      -0.536572510130248     
   3.05353750000000        2.13807625000000      -0.510218145233843     
   3.05353750000000        2.44323000000000      -0.473017149343044     
   3.05353750000000        2.74838375000000      -0.432928841474608     
   3.05353750000000        3.05353750000000      -0.396394952037538     
   3.05353750000000        3.35869125000000      -0.365772790693137     
   3.05353750000000        3.66384500000000      -0.339809011668456     
   3.05353750000000        3.96899875000000      -0.316126588451226     
   3.05353750000000        4.27415250000000      -0.293485139906935     
   3.05353750000000        4.57930625000000      -0.272211185808170     
   3.05353750000000        4.88446000000000      -0.253191832812024     
   3.05353750000000        5.18961375000000      -0.236755388018933     
   3.05353750000000        5.49476750000000      -0.222344304940162     
   3.05353750000000        5.79992125000000      -0.209060727331246     
   3.05353750000000        6.10507500000000      -0.196477461029760     
   3.05353750000000        6.41022875000000      -0.184970965312033     
   3.05353750000000        6.71538250000000      -0.175263142511434     
   3.05353750000000        7.02053625000000      -0.167783876726763     
   3.05353750000000        7.32569000000000      -0.161423683870482     
   3.35869125000000       2.000000000000000E-003 -0.468595068323769     
   3.35869125000000       0.307153750000000      -0.508176522655987     
   3.35869125000000       0.612307500000000      -0.548461242205926     
   3.35869125000000       0.917461250000000      -0.581392308956278     
   3.35869125000000        1.22261500000000      -0.590284894645649     
   3.35869125000000        1.52776875000000      -0.583739637549361     
   3.35869125000000        1.83292250000000      -0.568195553224045     
   3.35869125000000        2.13807625000000      -0.536797392845754     
   3.35869125000000        2.44323000000000      -0.493788623513075     
   3.35869125000000        2.74838375000000      -0.447959614957944     
   3.35869125000000        3.05353750000000      -0.406755645602643     
   3.35869125000000        3.35869125000000      -0.373043855558979     
   3.35869125000000        3.66384500000000      -0.345344878629983     
   3.35869125000000        3.96899875000000      -0.320662098780627     
   3.35869125000000        4.27415250000000      -0.297327211389522     
   3.35869125000000        4.57930625000000      -0.275470513214853     
   3.35869125000000        4.88446000000000      -0.255921454677352     
   3.35869125000000        5.18961375000000      -0.239047978960598     
   3.35869125000000        5.49476750000000      -0.224336138152261     
   3.35869125000000        5.79992125000000      -0.210874678769065     
   3.35869125000000        6.10507500000000      -0.198174213951279     
   3.35869125000000        6.41022875000000      -0.186567454305656     
   3.35869125000000        6.71538250000000      -0.176727863327070     
   3.35869125000000        7.02053625000000      -0.169565797768275     
   3.35869125000000        7.32569000000000      -0.163787773076973     
   3.66384500000000       2.000000000000000E-003 -0.472435228318063     
   3.66384500000000       0.307153750000000      -0.520032493980897     
   3.66384500000000       0.612307500000000      -0.565247780957770     
   3.66384500000000       0.917461250000000      -0.599892662197352     
   3.66384500000000        1.22261500000000      -0.608024334817088     
   3.66384500000000        1.52776875000000      -0.597365977415005     
   3.66384500000000        1.83292250000000      -0.579745467664802     
   3.66384500000000        2.13807625000000      -0.546441709855202     
   3.66384500000000        2.44323000000000      -0.501304142379431     
   3.66384500000000        2.74838375000000      -0.453382016275611     
   3.66384500000000        3.05353750000000      -0.410480869967243     
   3.66384500000000        3.35869125000000      -0.375658744957229     
   3.66384500000000        3.66384500000000      -0.347336530486094     
   3.66384500000000        3.96899875000000      -0.322263192663214     
   3.66384500000000        4.27415250000000      -0.298650012087911     
   3.66384500000000        4.57930625000000      -0.276576245391489     
   3.66384500000000        4.88446000000000      -0.256841807993617     
   3.66384500000000        5.18961375000000      -0.239820364294060     
   3.66384500000000        5.49476750000000      -0.225009039535692     
   3.66384500000000        5.79992125000000      -0.211490189099019     
   3.66384500000000        6.10507500000000      -0.198746083883039     
   3.66384500000000        6.41022875000000      -0.187064716303679     
   3.66384500000000        6.71538250000000      -0.177041651047030     
   3.66384500000000        7.02053625000000      -0.169919338397131     
   3.66384500000000        7.32569000000000      -0.164920699030782     
   3.96899875000000       2.000000000000000E-003 -0.468592747543514     
   3.96899875000000       0.307153750000000      -0.508272548254284     
   3.96899875000000       0.612307500000000      -0.548552231016356     
   3.96899875000000       0.917461250000000      -0.581452065124810     
   3.96899875000000        1.22261500000000      -0.590320138492492     
   3.96899875000000        1.52776875000000      -0.583761293936968     
   3.96899875000000        1.83292250000000      -0.568210110659012     
   3.96899875000000        2.13807625000000      -0.536807216538408     
   3.96899875000000        2.44323000000000      -0.493795177217847     
   3.96899875000000        2.74838375000000      -0.447964090382958     
   3.96899875000000        3.05353750000000      -0.406759032148638     
   3.96899875000000        3.35869125000000      -0.373046819400128     
   3.96899875000000        3.66384500000000      -0.345347756363316     
   3.96899875000000        3.96899875000000      -0.320665061810553     
   3.96899875000000        4.27415250000000      -0.297330310528590     
   3.96899875000000        4.57930625000000      -0.275473786799044     
   3.96899875000000        4.88446000000000      -0.255924939561828     
   3.96899875000000        5.18961375000000      -0.239051708832403     
   3.96899875000000        5.49476750000000      -0.224340127356297     
   3.96899875000000        5.79992125000000      -0.210879047116544     
   3.96899875000000        6.10507500000000      -0.198179542769768     
   3.96899875000000        6.41022875000000      -0.186574941157073     
   3.96899875000000        6.71538250000000      -0.176738265152755     
   3.96899875000000        7.02053625000000      -0.169576298608086     
   3.96899875000000        7.32569000000000      -0.163787067188031     
   4.27415250000000       2.000000000000000E-003 -0.434494603815937     
   4.27415250000000       0.307153750000000      -0.468540486373689     
   4.27415250000000       0.612307500000000      -0.503235132550048     
   4.27415250000000       0.917461250000000      -0.533127545735431     
   4.27415250000000        1.22261500000000      -0.545072940376910     
   4.27415250000000        1.52776875000000      -0.547340747826213     
   4.27415250000000        1.83292250000000      -0.536598054178625     
   4.27415250000000        2.13807625000000      -0.510235932229918     
   4.27415250000000        2.44323000000000      -0.473029391564894     
   4.27415250000000        2.74838375000000      -0.432937516410471     
   4.27415250000000        3.05353750000000      -0.396401734912977     
   4.27415250000000        3.35869125000000      -0.365778812918420     
   4.27415250000000        3.66384500000000      -0.339814904308519     
   4.27415250000000        3.96899875000000      -0.316132612376676     
   4.27415250000000        4.27415250000000      -0.293491362864912     
   4.27415250000000        4.57930625000000      -0.272217654541646     
   4.27415250000000        4.88446000000000      -0.253198591975257     
   4.27415250000000        5.18961375000000      -0.236762428749552     
   4.27415250000000        5.49476750000000      -0.222351619272889     
   4.27415250000000        5.79992125000000      -0.209068365654742     
   4.27415250000000        6.10507500000000      -0.196485909614039     
   4.27415250000000        6.41022875000000      -0.184981453110693     
   4.27415250000000        6.71538250000000      -0.175275400268569     
   4.27415250000000        7.02053625000000      -0.167793422236893     
   4.27415250000000        7.32569000000000      -0.161422367038113     
   4.57930625000000       2.000000000000000E-003 -0.385848779048140     
   4.57930625000000       0.307153750000000      -0.415430451131972     
   4.57930625000000       0.612307500000000      -0.445774454654093     
   4.57930625000000       0.917461250000000      -0.472064752095930     
   4.57930625000000        1.22261500000000      -0.489813877394665     
   4.57930625000000        1.52776875000000      -0.498027377402176     
   4.57930625000000        1.83292250000000      -0.492400063769023     
   4.57930625000000        2.13807625000000      -0.472709286875295     
   4.57930625000000        2.44323000000000      -0.443531088779468     
   4.57930625000000        2.74838375000000      -0.411405656914705     
   4.57930625000000        3.05353750000000      -0.381335731952526     
   4.57930625000000        3.35869125000000      -0.355000371056298     
   4.57930625000000        3.66384500000000      -0.331434444469961     
   4.57930625000000        3.96899875000000      -0.309071390860947     
   4.57930625000000        4.27415250000000      -0.287356345367520     
   4.57930625000000        4.57930625000000      -0.266941650542996     
   4.57930625000000        4.88446000000000      -0.248753388623060     
   4.57930625000000        5.18961375000000      -0.233021051684350     
   4.57930625000000        5.49476750000000      -0.219111826718948     
   4.57930625000000        5.79992125000000      -0.206149674001018     
   4.57930625000000        6.10507500000000      -0.193769503713475     
   4.57930625000000        6.41022875000000      -0.182346225355540     
   4.57930625000000        6.71538250000000      -0.172532894722005     
   4.57930625000000        7.02053625000000      -0.164495959336086     
   4.57930625000000        7.32569000000000      -0.157460521149525     
   4.88446000000000       2.000000000000000E-003 -0.341888441330440     
   4.88446000000000       0.307153750000000      -0.366919280102790     
   4.88446000000000       0.612307500000000      -0.392399579640476     
   4.88446000000000       0.917461250000000      -0.416411229263907     
   4.88446000000000        1.22261500000000      -0.435537966452509     
   4.88446000000000        1.52776875000000      -0.445768871415680     
   4.88446000000000        1.83292250000000      -0.444237879598295     
   4.88446000000000        2.13807625000000      -0.431322019708030     
   4.88446000000000        2.44323000000000      -0.410632574317882     
   4.88446000000000        2.74838375000000      -0.386912172267330     
   4.88446000000000        3.05353750000000      -0.363586948642377     
   4.88446000000000        3.35869125000000      -0.341692933748459     
   4.88446000000000        3.66384500000000      -0.320628616008511     
   4.88446000000000        3.96899875000000      -0.299697969277839     
   4.88446000000000        4.27415250000000      -0.279097584506847     
   4.88446000000000        4.57930625000000      -0.259808609401075     
   4.88446000000000        4.88446000000000      -0.242729623443469     
   4.88446000000000        5.18961375000000      -0.227938164142589     
   4.88446000000000        5.49476750000000      -0.214726203062744     
   4.88446000000000        5.79992125000000      -0.202268626683991     
   4.88446000000000        6.10507500000000      -0.190278335033109     
   4.88446000000000        6.41022875000000      -0.179110171326038     
   4.88446000000000        6.71538250000000      -0.169301814781027     
   4.88446000000000        7.02053625000000      -0.160986445222882     
   4.88446000000000        7.32569000000000      -0.153679020010626     
   5.18961375000000       2.000000000000000E-003 -0.308690751932664     
   5.18961375000000       0.307153750000000      -0.329595290875929     
   5.18961375000000       0.612307500000000      -0.350732361090755     
   5.18961375000000       0.917461250000000      -0.370997950682306     
   5.18961375000000        1.22261500000000      -0.387677312422634     
   5.18961375000000        1.52776875000000      -0.397636742752988     
   5.18961375000000        1.83292250000000      -0.398887621254075     
   5.18961375000000        2.13807625000000      -0.391719387567777     
   5.18961375000000        2.44323000000000      -0.378468204237685     
   5.18961375000000        2.74838375000000      -0.362070194461025     
   5.18961375000000        3.05353750000000      -0.344535978970451     
   5.18961375000000        3.35869125000000      -0.326444223458976     
   5.18961375000000        3.66384500000000      -0.307620694211054     
   5.18961375000000        3.96899875000000      -0.288166257218007     
   5.18961375000000        4.27415250000000      -0.268907519311794     
   5.18961375000000        4.57930625000000      -0.251030142673362     
   5.18961375000000        4.88446000000000      -0.235312167563747     
   5.18961375000000        5.18961375000000      -0.221658904679533     
   5.18961375000000        5.49476750000000      -0.209328199969694     
   5.18961375000000        5.79992125000000      -0.197594523018951     
   5.18961375000000        6.10507500000000      -0.186265713375167     
   5.18961375000000        6.41022875000000      -0.175671728491776     
   5.18961375000000        6.71538250000000      -0.166235778818938     
   5.18961375000000        7.02053625000000      -0.158055943554872     
   5.18961375000000        7.32569000000000      -0.150833330986495     
   5.49476750000000       2.000000000000000E-003 -0.283904050143590     
   5.49476750000000       0.307153750000000      -0.301444399542703     
   5.49476750000000       0.612307500000000      -0.318872256160812     
   5.49476750000000       0.917461250000000      -0.335174976084818     
   5.49476750000000        1.22261500000000      -0.348522340684610     
   5.49476750000000        1.52776875000000      -0.357128184537933     
   5.49476750000000        1.83292250000000      -0.359847327758340     
   5.49476750000000        2.13807625000000      -0.356748833981379     
   5.49476750000000        2.44323000000000      -0.348989842087715     
   5.49476750000000        2.74838375000000      -0.338010188129698     
   5.49476750000000        3.05353750000000      -0.324756232692959     
   5.49476750000000        3.35869125000000      -0.309562176683017     
   5.49476750000000        3.66384500000000      -0.292671934324395     
   5.49476750000000        3.96899875000000      -0.274798782038349     
   5.49476750000000        4.27415250000000      -0.257158814387645     
   5.49476750000000        4.57930625000000      -0.240957816540478     
   5.49476750000000        4.88446000000000      -0.226780800097759     
   5.49476750000000        5.18961375000000      -0.214392174543641     
   5.49476750000000        5.49476750000000      -0.203093376488638     
   5.49476750000000        5.79992125000000      -0.192314858908909     
   5.49476750000000        6.10507500000000      -0.181958047425468     
   5.49476750000000        6.41022875000000      -0.172272858458466     
   5.49476750000000        6.71538250000000      -0.163508882335609     
   5.49476750000000        7.02053625000000      -0.155729585941899     
   5.49476750000000        7.32569000000000      -0.148756263618877     
   5.79992125000000       2.000000000000000E-003 -0.266071787305770     
   5.79992125000000       0.307153750000000      -0.281138599114485     
   5.79992125000000       0.612307500000000      -0.295434893696376     
   5.79992125000000       0.917461250000000      -0.308135321174299     
   5.79992125000000        1.22261500000000      -0.318139791688691     
   5.79992125000000        1.52776875000000      -0.324640811446736     
   5.79992125000000        1.83292250000000      -0.327528506853539     
   5.79992125000000        2.13807625000000      -0.326655305308452     
   5.79992125000000        2.44323000000000      -0.322268531029416     
   5.79992125000000        2.74838375000000      -0.314758247714216     
   5.79992125000000        3.05353750000000      -0.304390924961240     
   5.79992125000000        3.35869125000000      -0.291397672264655     
   5.79992125000000        3.66384500000000      -0.276326954244269     
   5.79992125000000        3.96899875000000      -0.260247426452564     
   5.79992125000000        4.27415250000000      -0.244499254695919     
   5.79992125000000        4.57930625000000      -0.230142765269347     
   5.79992125000000        4.88446000000000      -0.217552319288347     
   5.79992125000000        5.18961375000000      -0.206439873404739     
   5.79992125000000        5.49476750000000      -0.196255681369370     
   5.79992125000000        5.79992125000000      -0.186645005391339     
   5.79992125000000        6.10507500000000      -0.177591407285785     
   5.79992125000000        6.41022875000000      -0.169113717073365     
   5.79992125000000        6.71538250000000      -0.161290746351639     
   5.79992125000000        7.02053625000000      -0.154122204666907     
   5.79992125000000        7.32569000000000      -0.147464591023931     
   6.10507500000000       2.000000000000000E-003 -0.253419601895326     
   6.10507500000000       0.307153750000000      -0.266500326171679     
   6.10507500000000       0.612307500000000      -0.277982873873029     
   6.10507500000000       0.917461250000000      -0.287381107603948     
   6.10507500000000        1.22261500000000      -0.294328975697096     
   6.10507500000000        1.52776875000000      -0.298600511151369     
   6.10507500000000        1.83292250000000      -0.300491594602795     
   6.10507500000000        2.13807625000000      -0.300293159722645     
   6.10507500000000        2.44323000000000      -0.297586721179640     
   6.10507500000000        2.74838375000000      -0.292129825723339     
   6.10507500000000        3.05353750000000      -0.283800093442568     
   6.10507500000000        3.35869125000000      -0.272723293714081     
   6.10507500000000        3.66384500000000      -0.259547591815095     
   6.10507500000000        3.96899875000000      -0.245492130969993     
   6.10507500000000        4.27415250000000      -0.231805592061935     
   6.10507500000000        4.57930625000000      -0.219292513155983     
   6.10507500000000        4.88446000000000      -0.208148135701497     
   6.10507500000000        5.18961375000000      -0.198171903588993     
   6.10507500000000        5.49476750000000      -0.189079222974153     
   6.10507500000000        5.79992125000000      -0.180788368550778     
   6.10507500000000        6.10507500000000      -0.173178009464377     
   6.10507500000000        6.41022875000000      -0.166057843883302     
   6.10507500000000        6.71538250000000      -0.159347375909603     
   6.10507500000000        7.02053625000000      -0.152932299185429     
   6.10507500000000        7.32569000000000      -0.146664221032842     
   6.41022875000000       2.000000000000000E-003 -0.244263393461634     
   6.41022875000000       0.307153750000000      -0.254970598180038     
   6.41022875000000       0.612307500000000      -0.263279393873265     
   6.41022875000000       0.917461250000000      -0.269563787656420     
   6.41022875000000        1.22261500000000      -0.273842163236957     
   6.41022875000000        1.52776875000000      -0.276176034672467     
   6.41022875000000        1.83292250000000      -0.276859611642018     
   6.41022875000000        2.13807625000000      -0.276449820893067     
   6.41022875000000        2.44323000000000      -0.274486680557521     
   6.41022875000000        2.74838375000000      -0.270450085650109     
   6.41022875000000        3.05353750000000      -0.263783135842468     
   6.41022875000000        3.35869125000000      -0.254259493979174     
   6.41022875000000        3.66384500000000      -0.242974307545773     
   6.41022875000000        3.96899875000000      -0.231400667521081     
   6.41022875000000        4.27415250000000      -0.220030097048352     
   6.41022875000000        4.57930625000000      -0.209137502786644     
   6.41022875000000        4.88446000000000      -0.199088163961547     
   6.41022875000000        5.18961375000000      -0.189940795088745     
   6.41022875000000        5.49476750000000      -0.181774449772610     
   6.41022875000000        5.79992125000000      -0.174712003296271     
   6.41022875000000        6.10507500000000      -0.168503527293393     
   6.41022875000000        6.41022875000000      -0.162796295580775     
   6.41022875000000        6.71538250000000      -0.157281515306932     
   6.41022875000000        7.02053625000000      -0.151771171129731     
   6.41022875000000        7.32569000000000      -0.146101548467244     
   6.71538250000000       2.000000000000000E-003 -0.236293398653173     
   6.71538250000000       0.307153750000000      -0.242765720841418     
   6.71538250000000       0.612307500000000      -0.247348268096949     
   6.71538250000000       0.917461250000000      -0.251711936139145     
   6.71538250000000        1.22261500000000      -0.254388011805615     
   6.71538250000000        1.52776875000000      -0.255417794997529     
   6.71538250000000        1.83292250000000      -0.255284677022941     
   6.71538250000000        2.13807625000000      -0.254577191340921     
   6.71538250000000        2.44323000000000      -0.253143505839534     
   6.71538250000000        2.74838375000000      -0.250410239746308     
   6.71538250000000        3.05353750000000      -0.245264068411579     
   6.71538250000000        3.35869125000000      -0.237347115838740     
   6.71538250000000        3.66384500000000      -0.228244911056352     
   6.71538250000000        3.96899875000000      -0.219755937555860     
   6.71538250000000        4.27415250000000      -0.210706036989364     
   6.71538250000000        4.57930625000000      -0.200561575335731     
   6.71538250000000        4.88446000000000      -0.190763045687806     
   6.71538250000000        5.18961375000000      -0.181981204312007     
   6.71538250000000        5.49476750000000      -0.174445247856628     
   6.71538250000000        5.79992125000000      -0.168400946720826     
   6.71538250000000        6.10507500000000      -0.163488657620544     
   6.71538250000000        6.41022875000000      -0.159135906492396     
   6.71538250000000        6.71538250000000      -0.154676290160726     
   6.71538250000000        7.02053625000000      -0.150088453381778     
   6.71538250000000        7.32569000000000      -0.145532689226468     
   7.02053625000000       2.000000000000000E-003 -0.225882206846452     
   7.02053625000000       0.307153750000000      -0.227213843164135     
   7.02053625000000       0.612307500000000      -0.229037652224638     
   7.02053625000000       0.917461250000000      -0.233315507818914     
   7.02053625000000        1.22261500000000      -0.235508823218935     
   7.02053625000000        1.52776875000000      -0.235949013058728     
   7.02053625000000        1.83292250000000      -0.235463112467448     
   7.02053625000000        2.13807625000000      -0.234771458623295     
   7.02053625000000        2.44323000000000      -0.233980427392116     
   7.02053625000000        2.74838375000000      -0.232654408874938     
   7.02053625000000        3.05353750000000      -0.229886955177426     
   7.02053625000000        3.35869125000000      -0.225047470905337     
   7.02053625000000        3.66384500000000      -0.218914450300795     
   7.02053625000000        3.96899875000000      -0.212837466401245     
   7.02053625000000        4.27415250000000      -0.204728576318522     
   7.02053625000000        4.57930625000000      -0.193887439814421     
   7.02053625000000        4.88446000000000      -0.183233209625497     
   7.02053625000000        5.18961375000000      -0.174339031631796     
   7.02053625000000        5.49476750000000      -0.167203300690181     
   7.02053625000000        5.79992125000000      -0.162013295155518     
   7.02053625000000        6.10507500000000      -0.158259958276443     
   7.02053625000000        6.41022875000000      -0.155261427867107     
   7.02053625000000        6.71538250000000      -0.151952720692033     
   7.02053625000000        7.02053625000000      -0.148086897012197     
   7.02053625000000        7.32569000000000      -0.144822281909863     
   7.32569000000000       2.000000000000000E-003 -0.213709621941279     
   7.32569000000000       0.307153750000000      -0.215754769821769     
   7.32569000000000       0.612307500000000      -0.215539541505678     
   7.32569000000000       0.917461250000000      -0.217244026182648     
   7.32569000000000        1.22261500000000      -0.218273104362216     
   7.32569000000000        1.52776875000000      -0.218333326106432     
   7.32569000000000        1.83292250000000      -0.217797556599991     
   7.32569000000000        2.13807625000000      -0.217302482641880     
   7.32569000000000        2.44323000000000      -0.217070225534015     
   7.32569000000000        2.74838375000000      -0.217149052802907     
   7.32569000000000        3.05353750000000      -0.217099050931668     
   7.32569000000000        3.35869125000000      -0.215961289029858     
   7.32569000000000        3.66384500000000      -0.212687646883150     
   7.32569000000000        3.96899875000000      -0.206924101948822     
   7.32569000000000        4.27415250000000      -0.198870473738470     
   7.32569000000000        4.57930625000000      -0.187070522916326     
   7.32569000000000        4.88446000000000      -0.175784044068954     
   7.32569000000000        5.18961375000000      -0.166869075497690     
   7.32569000000000        5.49476750000000      -0.160214846598882     
   7.32569000000000        5.79992125000000      -0.155768416628324     
   7.32569000000000        6.10507500000000      -0.152981010665338     
   7.32569000000000        6.41022875000000      -0.151275833520466     
   7.32569000000000        6.71538250000000      -0.149778613728332     
   7.32569000000000        7.02053625000000      -0.146863348016935     
   7.32569000000000        7.32569000000000      -0.141916218277290     
